   80.0  2.144E+09  2.001E+14  5.120E+13
   82.0  7.951E+09  1.484E+14  3.768E+13
   84.0  2.382E+10  1.098E+14  2.765E+13
   86.0  5.793E+10  8.106E+13  2.021E+13
   88.0  1.159E+11  5.965E+13  1.471E+13
   90.0  1.948E+11  4.371E+13  1.064E+13
   92.0  2.805E+11  3.181E+13  7.625E+12
   94.0  3.530E+11  2.288E+13  5.387E+12
   96.0  3.955E+11  1.620E+13  3.734E+12
   98.0  4.024E+11  1.127E+13  2.535E+12
  100.0  3.786E+11  7.713E+12  1.685E+12
  102.0  3.353E+11  5.207E+12  1.100E+12
  104.0  2.851E+11  3.502E+12  7.124E+11
  106.0  2.365E+11  2.367E+12  4.621E+11
  108.0  1.937E+11  1.619E+12  3.027E+11
  110.0  1.582E+11  1.129E+12  2.016E+11
  112.0  1.298E+11  8.054E+11  1.374E+11
  114.0  1.072E+11  5.882E+11  9.584E+10
  116.0  8.924E+10  4.392E+11  6.835E+10
  118.0  7.498E+10  3.349E+11  4.982E+10
  120.0  6.365E+10  2.607E+11  3.710E+10
  122.0  5.468E+10  2.071E+11  2.822E+10
  124.0  4.763E+10  1.680E+11  2.194E+10
  126.0  4.195E+10  1.386E+11  1.736E+10
  128.0  3.728E+10  1.159E+11  1.394E+10
  130.0  3.338E+10  9.799E+10  1.134E+10
  132.0  3.010E+10  8.370E+10  9.320E+09
  134.0  2.730E+10  7.211E+10  7.738E+09
  136.0  2.489E+10  6.259E+10  6.481E+09
  138.0  2.280E+10  5.468E+10  5.470E+09
  140.0  2.097E+10  4.806E+10  4.650E+09
  142.0  1.937E+10  4.245E+10  3.978E+09
  144.0  1.794E+10  3.768E+10  3.423E+09
  146.0  1.667E+10  3.358E+10  2.961E+09
  148.0  1.553E+10  3.004E+10  2.574E+09
  150.0  1.451E+10  2.697E+10  2.248E+09
  152.0  1.358E+10  2.428E+10  1.971E+09
  154.0  1.274E+10  2.193E+10  1.735E+09
  156.0  1.197E+10  1.985E+10  1.533E+09
  158.0  1.127E+10  1.801E+10  1.358E+09
  160.0  1.062E+10  1.638E+10  1.207E+09
  162.0  1.003E+10  1.491E+10  1.076E+09
  164.0  9.478E+09  1.361E+10  9.616E+08
  166.0  8.970E+09  1.245E+10  8.613E+08
  168.0  8.499E+09  1.140E+10  7.733E+08
  170.0  8.061E+09  1.046E+10  6.957E+08
  172.0  7.653E+09  9.605E+09  6.271E+08
  174.0  7.272E+09  8.833E+09  5.663E+08
  176.0  6.915E+09  8.133E+09  5.122E+08
  178.0  6.582E+09  7.496E+09  4.640E+08
  180.0  6.268E+09  6.916E+09  4.210E+08
  182.0  5.974E+09  6.387E+09  3.825E+08
  184.0  5.697E+09  5.903E+09  3.479E+08
  186.0  5.437E+09  5.461E+09  3.169E+08
  188.0  5.191E+09  5.055E+09  2.889E+08
  190.0  4.959E+09  4.683E+09  2.637E+08
  192.0  4.739E+09  4.342E+09  2.409E+08
  194.0  4.532E+09  4.027E+09  2.203E+08
  196.0  4.335E+09  3.738E+09  2.017E+08
  198.0  4.149E+09  3.472E+09  1.847E+08
  200.0  3.972E+09  3.226E+09  1.694E+08
  202.0  3.804E+09  2.999E+09  1.554E+08
  204.0  3.645E+09  2.789E+09  1.426E+08
  206.0  3.493E+09  2.595E+09  1.310E+08
  208.0  3.349E+09  2.416E+09  1.204E+08
  210.0  3.211E+09  2.250E+09  1.108E+08
  212.0  3.080E+09  2.096E+09  1.019E+08
  214.0  2.956E+09  1.953E+09  9.386E+07
  216.0  2.837E+09  1.821E+09  8.646E+07
  218.0  2.723E+09  1.698E+09  7.968E+07
  220.0  2.614E+09  1.584E+09  7.346E+07
  222.0  2.511E+09  1.478E+09  6.776E+07
  224.0  2.412E+09  1.379E+09  6.252E+07
  226.0  2.317E+09  1.287E+09  5.771E+07
  228.0  2.226E+09  1.202E+09  5.329E+07
  230.0  2.140E+09  1.123E+09  4.922E+07
  232.0  2.057E+09  1.049E+09  4.548E+07
  234.0  1.977E+09  9.799E+08  4.204E+07
  236.0  1.901E+09  9.157E+08  3.886E+07
  238.0  1.828E+09  8.559E+08  3.594E+07
  240.0  1.758E+09  8.002E+08  3.325E+07
  242.0  1.691E+09  7.482E+08  3.076E+07
  244.0  1.627E+09  6.997E+08  2.847E+07
  246.0  1.565E+09  6.545E+08  2.635E+07
  248.0  1.506E+09  6.122E+08  2.440E+07
  250.0  1.450E+09  5.728E+08  2.260E+07
  252.0  1.395E+09  5.360E+08  2.093E+07
  254.0  1.343E+09  5.016E+08  1.939E+07
  256.0  1.293E+09  4.695E+08  1.797E+07
  258.0  1.244E+09  4.395E+08  1.665E+07
  260.0  1.198E+09  4.114E+08  1.544E+07
  262.0  1.153E+09  3.852E+08  1.431E+07
  264.0  1.111E+09  3.607E+08  1.327E+07
  266.0  1.070E+09  3.378E+08  1.230E+07
  268.0  1.030E+09  3.164E+08  1.141E+07
  270.0  9.920E+08  2.964E+08  1.058E+07
  272.0  9.555E+08  2.776E+08  9.819E+06
  274.0  9.204E+08  2.601E+08  9.110E+06
  276.0  8.866E+08  2.437E+08  8.454E+06
  278.0  8.541E+08  2.283E+08  7.845E+06
  280.0  8.228E+08  2.140E+08  7.282E+06
  282.0  7.927E+08  2.005E+08  6.759E+06
  284.0  7.638E+08  1.879E+08  6.275E+06
  286.0  7.360E+08  1.762E+08  5.826E+06
  288.0  7.092E+08  1.651E+08  5.409E+06
  290.0  6.834E+08  1.548E+08  5.023E+06
  292.0  6.586E+08  1.451E+08  4.665E+06
  294.0  6.347E+08  1.361E+08  4.333E+06
  296.0  6.117E+08  1.276E+08  4.024E+06
  298.0  5.896E+08  1.196E+08  3.738E+06
  300.0  5.682E+08  1.122E+08  3.473E+06
  302.0  5.477E+08  1.052E+08  3.227E+06
  304.0  5.279E+08  9.866E+07  2.998E+06
  306.0  5.089E+08  9.254E+07  2.786E+06
  308.0  4.906E+08  8.680E+07  2.589E+06
  310.0  4.729E+08  8.142E+07  2.406E+06
  312.0  4.560E+08  7.638E+07  2.236E+06
  314.0  4.396E+08  7.165E+07  2.079E+06
  316.0  4.238E+08  6.722E+07  1.932E+06
  318.0  4.086E+08  6.307E+07  1.796E+06
  320.0  3.940E+08  5.918E+07  1.670E+06
  322.0  3.799E+08  5.553E+07  1.553E+06
  324.0  3.663E+08  5.210E+07  1.444E+06
  326.0  3.533E+08  4.889E+07  1.342E+06
  328.0  3.407E+08  4.589E+07  1.248E+06
  330.0  3.285E+08  4.306E+07  1.161E+06
  332.0  3.168E+08  4.042E+07  1.080E+06
  334.0  3.055E+08  3.794E+07  1.004E+06
  336.0  2.947E+08  3.561E+07  9.339E+05
  338.0  2.842E+08  3.342E+07  8.687E+05
  340.0  2.741E+08  3.138E+07  8.081E+05
  342.0  2.644E+08  2.945E+07  7.518E+05
  344.0  2.550E+08  2.765E+07  6.994E+05
  346.0  2.460E+08  2.596E+07  6.507E+05
  348.0  2.372E+08  2.437E+07  6.054E+05
  350.0  2.288E+08  2.289E+07  5.633E+05
  352.0  2.208E+08  2.149E+07  5.242E+05
  354.0  2.130E+08  2.018E+07  4.878E+05
  356.0  2.054E+08  1.895E+07  4.540E+05
  358.0  1.982E+08  1.779E+07  4.225E+05
  360.0  1.912E+08  1.671E+07  3.932E+05
  362.0  1.845E+08  1.570E+07  3.660E+05
  364.0  1.780E+08  1.474E+07  3.407E+05
  366.0  1.717E+08  1.385E+07  3.171E+05
  368.0  1.657E+08  1.300E+07  2.952E+05
  370.0  1.598E+08  1.222E+07  2.748E+05
  372.0  1.542E+08  1.147E+07  2.558E+05
  374.0  1.488E+08  1.078E+07  2.382E+05
  376.0  1.436E+08  1.013E+07  2.218E+05
  378.0  1.386E+08  9.514E+06  2.065E+05
  380.0  1.337E+08  8.938E+06  1.923E+05
  382.0  1.290E+08  8.398E+06  1.791E+05
  384.0  1.245E+08  7.890E+06  1.667E+05
  386.0  1.201E+08  7.414E+06  1.553E+05
  388.0  1.160E+08  6.967E+06  1.446E+05
  390.0  1.119E+08  6.546E+06  1.347E+05
  392.0  1.080E+08  6.152E+06  1.255E+05
  394.0  1.042E+08  5.781E+06  1.169E+05
  396.0  1.006E+08  5.433E+06  1.088E+05
  398.0  9.709E+07  5.106E+06  1.014E+05
  400.0  9.371E+07  4.799E+06  9.446E+04
  402.0  9.045E+07  4.511E+06  8.800E+04
  404.0  8.730E+07  4.240E+06  8.198E+04
  406.0  8.427E+07  3.986E+06  7.639E+04
  408.0  8.134E+07  3.747E+06  7.117E+04
  410.0  7.852E+07  3.522E+06  6.632E+04
  412.0  7.579E+07  3.311E+06  6.179E+04
  414.0  7.317E+07  3.113E+06  5.758E+04
  416.0  7.063E+07  2.926E+06  5.366E+04
  418.0  6.818E+07  2.751E+06  5.001E+04
  420.0  6.582E+07  2.587E+06  4.661E+04
  422.0  6.355E+07  2.432E+06  4.344E+04
  424.0  6.135E+07  2.287E+06  4.049E+04
  426.0  5.923E+07  2.151E+06  3.774E+04
  428.0  5.719E+07  2.022E+06  3.518E+04
  430.0  5.521E+07  1.902E+06  3.279E+04
  432.0  5.331E+07  1.789E+06  3.057E+04
  434.0  5.147E+07  1.682E+06  2.850E+04
  436.0  4.970E+07  1.582E+06  2.657E+04
  438.0  4.799E+07  1.488E+06  2.477E+04
  440.0  4.634E+07  1.400E+06  2.310E+04
  442.0  4.474E+07  1.316E+06  2.153E+04
  444.0  4.321E+07  1.238E+06  2.008E+04
  446.0  4.172E+07  1.165E+06  1.872E+04
  448.0  4.029E+07  1.096E+06  1.746E+04
  450.0  3.891E+07  1.031E+06  1.628E+04
  452.0  3.757E+07  9.698E+05  1.519E+04
  454.0  3.629E+07  9.124E+05  1.416E+04
  456.0  3.504E+07  8.584E+05  1.321E+04
  458.0  3.384E+07  8.076E+05  1.232E+04
  460.0  3.269E+07  7.599E+05  1.149E+04
  462.0  3.157E+07  7.150E+05  1.072E+04
  464.0  3.049E+07  6.728E+05  1.000E+04
  466.0  2.945E+07  6.332E+05  9.329E+03
  468.0  2.844E+07  5.958E+05  8.703E+03
  470.0  2.747E+07  5.607E+05  8.120E+03
  472.0  2.654E+07  5.277E+05  7.576E+03
  474.0  2.563E+07  4.966E+05  7.068E+03
  476.0  2.476E+07  4.674E+05  6.595E+03
  478.0  2.392E+07  4.400E+05  6.154E+03
  480.0  2.310E+07  4.141E+05  5.743E+03
  482.0  2.232E+07  3.898E+05  5.359E+03
  484.0  2.156E+07  3.669E+05  5.001E+03
  486.0  2.083E+07  3.454E+05  4.667E+03
  488.0  2.012E+07  3.252E+05  4.356E+03
  490.0  1.944E+07  3.061E+05  4.065E+03
  492.0  1.878E+07  2.882E+05  3.795E+03
  494.0  1.815E+07  2.713E+05  3.542E+03
  496.0  1.753E+07  2.555E+05  3.306E+03
  498.0  1.694E+07  2.405E+05  3.086E+03
  500.0  1.637E+07  2.265E+05  2.881E+03
  502.0  1.581E+07  2.132E+05  2.690E+03
  504.0  1.528E+07  2.008E+05  2.511E+03
  506.0  1.476E+07  1.891E+05  2.344E+03
  508.0  1.426E+07  1.781E+05  2.189E+03
  510.0  1.378E+07  1.677E+05  2.044E+03
  512.0  1.332E+07  1.579E+05  1.908E+03
  514.0  1.287E+07  1.487E+05  1.782E+03
  516.0  1.244E+07  1.401E+05  1.664E+03
  518.0  1.202E+07  1.320E+05  1.554E+03
  520.0  1.162E+07  1.243E+05  1.451E+03
  522.0  1.122E+07  1.171E+05  1.355E+03
  524.0  1.085E+07  1.103E+05  1.266E+03
  526.0  1.048E+07  1.039E+05  1.182E+03
  528.0  1.013E+07  9.786E+04  1.104E+03
  530.0  9.793E+06  9.219E+04  1.032E+03
  532.0  9.464E+06  8.686E+04  9.636E+02
  534.0  9.148E+06  8.183E+04  9.001E+02
  536.0  8.841E+06  7.710E+04  8.409E+02
  538.0  8.546E+06  7.264E+04  7.856E+02
  540.0  8.260E+06  6.845E+04  7.339E+02
  542.0  7.984E+06  6.450E+04  6.857E+02
  544.0  7.717E+06  6.077E+04  6.407E+02
  546.0  7.460E+06  5.727E+04  5.986E+02
  548.0  7.211E+06  5.397E+04  5.594E+02
  550.0  6.971E+06  5.086E+04  5.227E+02
  552.0  6.739E+06  4.793E+04  4.885E+02
  554.0  6.514E+06  4.518E+04  4.565E+02
  556.0  6.297E+06  4.258E+04  4.266E+02
  558.0  6.088E+06  4.013E+04  3.987E+02
  560.0  5.886E+06  3.783E+04  3.726E+02
  562.0  5.690E+06  3.565E+04  3.483E+02
  564.0  5.501E+06  3.361E+04  3.255E+02
  566.0  5.319E+06  3.168E+04  3.043E+02
  568.0  5.142E+06  2.987E+04  2.845E+02
  570.0  4.972E+06  2.815E+04  2.659E+02
  572.0  4.807E+06  2.654E+04  2.486E+02
  574.0  4.648E+06  2.502E+04  2.324E+02
  576.0  4.494E+06  2.359E+04  2.173E+02
  578.0  4.346E+06  2.225E+04  2.031E+02
  580.0  4.202E+06  2.097E+04  1.899E+02
  582.0  4.063E+06  1.978E+04  1.776E+02
  584.0  3.929E+06  1.865E+04  1.661E+02
  586.0  3.799E+06  1.759E+04  1.553E+02
  588.0  3.674E+06  1.658E+04  1.452E+02
  590.0  3.553E+06  1.564E+04  1.358E+02
  592.0  3.436E+06  1.475E+04  1.270E+02
  594.0  3.323E+06  1.391E+04  1.188E+02
  596.0  3.214E+06  1.312E+04  1.111E+02
  598.0  3.108E+06  1.237E+04  1.039E+02
  600.0  3.006E+06  1.167E+04  9.719E+01
  602.0  2.907E+06  1.101E+04  9.091E+01
  604.0  2.812E+06  1.038E+04  8.504E+01
  606.0  2.719E+06  9.794E+03  7.955E+01
  608.0  2.630E+06  9.239E+03  7.442E+01
  610.0  2.544E+06  8.716E+03  6.962E+01
  612.0  2.461E+06  8.223E+03  6.514E+01
  614.0  2.380E+06  7.757E+03  6.094E+01
  616.0  2.302E+06  7.319E+03  5.702E+01
  618.0  2.227E+06  6.905E+03  5.335E+01
  620.0  2.154E+06  6.515E+03  4.992E+01
  622.0  2.084E+06  6.147E+03  4.671E+01
  624.0  2.016E+06  5.800E+03  4.371E+01
  626.0  1.950E+06  5.473E+03  4.091E+01
  628.0  1.887E+06  5.165E+03  3.828E+01
  630.0  1.825E+06  4.874E+03  3.583E+01
  632.0  1.766E+06  4.600E+03  3.353E+01
  634.0  1.708E+06  4.341E+03  3.139E+01
  636.0  1.653E+06  4.097E+03  2.938E+01
  638.0  1.599E+06  3.866E+03  2.750E+01
  640.0  1.547E+06  3.649E+03  2.574E+01
  642.0  1.497E+06  3.444E+03  2.410E+01
  644.0  1.448E+06  3.251E+03  2.256E+01
  646.0  1.401E+06  3.069E+03  2.112E+01
  648.0  1.356E+06  2.897E+03  1.977E+01
  650.0  1.312E+06  2.735E+03  1.851E+01
  652.0  1.269E+06  2.581E+03  1.733E+01
  654.0  1.228E+06  2.437E+03  1.623E+01
  656.0  1.188E+06  2.301E+03  1.519E+01
  658.0  1.150E+06  2.172E+03  1.423E+01
  660.0  1.113E+06  2.051E+03  1.332E+01
  662.0  1.077E+06  1.936E+03  1.248E+01
  664.0  1.042E+06  1.828E+03  1.168E+01
  666.0  1.009E+06  1.726E+03  1.094E+01
  668.0  9.760E+05  1.630E+03  1.025E+01
  670.0  9.446E+05  1.539E+03  9.598E+00
  672.0  9.142E+05  1.454E+03  8.990E+00
  674.0  8.847E+05  1.373E+03  8.420E+00
  676.0  8.563E+05  1.296E+03  7.887E+00
  678.0  8.287E+05  1.224E+03  7.388E+00
  680.0  8.021E+05  1.156E+03  6.921E+00
  682.0  7.764E+05  1.092E+03  6.484E+00
  684.0  7.514E+05  1.031E+03  6.074E+00
  686.0  7.273E+05  9.743E+02  5.691E+00
  688.0  7.040E+05  9.203E+02  5.332E+00
  690.0  6.815E+05  8.693E+02  4.995E+00
  692.0  6.596E+05  8.211E+02  4.681E+00
  694.0  6.385E+05  7.757E+02  4.386E+00
  696.0  6.181E+05  7.328E+02  4.110E+00
  698.0  5.983E+05  6.923E+02  3.851E+00
  700.0  5.792E+05  6.540E+02  3.609E+00
  702.0  5.607E+05  6.179E+02  3.382E+00
  704.0  5.428E+05  5.838E+02  3.170E+00
  706.0  5.255E+05  5.516E+02  2.971E+00
  708.0  5.087E+05  5.212E+02  2.784E+00
  710.0  4.925E+05  4.925E+02  2.610E+00
  712.0  4.768E+05  4.654E+02  2.446E+00
  714.0  4.617E+05  4.398E+02  2.293E+00
  716.0  4.470E+05  4.156E+02  2.149E+00
  718.0  4.328E+05  3.927E+02  2.015E+00
  720.0  4.190E+05  3.711E+02  1.889E+00
  722.0  4.057E+05  3.508E+02  1.771E+00
  724.0  3.928E+05  3.315E+02  1.660E+00
  726.0  3.804E+05  3.133E+02  1.556E+00
  728.0  3.683E+05  2.962E+02  1.459E+00
  730.0  3.566E+05  2.799E+02  1.368E+00
  732.0  3.453E+05  2.646E+02  1.283E+00
  734.0  3.344E+05  2.501E+02  1.203E+00
  736.0  3.238E+05  2.364E+02  1.128E+00
  738.0  3.136E+05  2.235E+02  1.058E+00
  740.0  3.037E+05  2.113E+02  9.921E-01
  742.0  2.941E+05  1.997E+02  9.304E-01
  744.0  2.848E+05  1.888E+02  8.726E-01
  746.0  2.758E+05  1.785E+02  8.184E-01
  748.0  2.671E+05  1.688E+02  7.676E-01
  750.0  2.587E+05  1.596E+02  7.200E-01
  752.0  2.506E+05  1.509E+02  6.753E-01
  754.0  2.427E+05  1.427E+02  6.335E-01
  756.0  2.350E+05  1.349E+02  5.942E-01
  758.0  2.276E+05  1.276E+02  5.575E-01
  760.0  2.205E+05  1.207E+02  5.230E-01
  762.0  2.136E+05  1.141E+02  4.906E-01
  764.0  2.069E+05  1.079E+02  4.603E-01
  766.0  2.004E+05  1.021E+02  4.319E-01
  768.0  1.941E+05  9.653E+01  4.052E-01
  770.0  1.880E+05  9.129E+01  3.802E-01
  772.0  1.821E+05  8.635E+01  3.568E-01
  774.0  1.764E+05  8.167E+01  3.348E-01
  776.0  1.709E+05  7.725E+01  3.142E-01
  778.0  1.656E+05  7.308E+01  2.948E-01
  780.0  1.604E+05  6.913E+01  2.767E-01
  782.0  1.554E+05  6.539E+01  2.597E-01
  784.0  1.505E+05  6.186E+01  2.437E-01
  786.0  1.458E+05  5.852E+01  2.287E-01
  788.0  1.413E+05  5.537E+01  2.147E-01
  790.0  1.369E+05  5.238E+01  2.015E-01
  792.0  1.326E+05  4.956E+01  1.892E-01
  794.0  1.285E+05  4.689E+01  1.776E-01
  796.0  1.245E+05  4.437E+01  1.667E-01
  798.0  1.206E+05  4.198E+01  1.565E-01
  800.0  1.169E+05  3.972E+01  1.469E-01
  802.0  1.132E+05  3.759E+01  1.379E-01
  804.0  1.097E+05  3.557E+01  1.295E-01
  806.0  1.063E+05  3.366E+01  1.216E-01
  808.0  1.030E+05  3.186E+01  1.141E-01
  810.0  9.982E+04  3.015E+01  1.072E-01
  812.0  9.673E+04  2.853E+01  1.006E-01
  814.0  9.373E+04  2.700E+01  9.451E-02
  816.0  9.083E+04  2.556E+01  8.875E-02
  818.0  8.802E+04  2.419E+01  8.334E-02
  820.0  8.530E+04  2.290E+01  7.827E-02
  822.0  8.267E+04  2.167E+01  7.351E-02
  824.0  8.011E+04  2.052E+01  6.904E-02
  826.0  7.764E+04  1.942E+01  6.484E-02
  828.0  7.525E+04  1.839E+01  6.091E-02
  830.0  7.293E+04  1.741E+01  5.721E-02
  832.0  7.068E+04  1.648E+01  5.374E-02
  834.0  6.850E+04  1.560E+01  5.048E-02
  836.0  6.639E+04  1.477E+01  4.742E-02
  838.0  6.435E+04  1.398E+01  4.455E-02
  840.0  6.237E+04  1.324E+01  4.185E-02
  842.0  6.046E+04  1.254E+01  3.932E-02
  844.0  5.860E+04  1.187E+01  3.694E-02
  846.0  5.680E+04  1.124E+01  3.471E-02
  848.0  5.506E+04  1.064E+01  3.261E-02
  850.0  5.337E+04  1.008E+01  3.064E-02
  852.0  5.174E+04  9.545E+00  2.879E-02
  854.0  5.015E+04  9.039E+00  2.706E-02
  856.0  4.862E+04  8.561E+00  2.542E-02
  858.0  4.713E+04  8.108E+00  2.389E-02
  860.0  4.569E+04  7.679E+00  2.245E-02
  862.0  4.429E+04  7.273E+00  2.110E-02
  864.0  4.294E+04  6.888E+00  1.983E-02
  866.0  4.163E+04  6.525E+00  1.864E-02
  868.0  4.036E+04  6.180E+00  1.752E-02
  870.0  3.913E+04  5.854E+00  1.647E-02
  872.0  3.793E+04  5.546E+00  1.548E-02
  874.0  3.678E+04  5.253E+00  1.455E-02
  876.0  3.566E+04  4.977E+00  1.368E-02
  878.0  3.457E+04  4.715E+00  1.286E-02
  880.0  3.352E+04  4.467E+00  1.209E-02
  882.0  3.250E+04  4.232E+00  1.136E-02
  884.0  3.152E+04  4.009E+00  1.068E-02
  886.0  3.056E+04  3.799E+00  1.005E-02
  888.0  2.963E+04  3.599E+00  9.446E-03
  890.0  2.873E+04  3.411E+00  8.881E-03
  892.0  2.786E+04  3.232E+00  8.351E-03
  894.0  2.702E+04  3.062E+00  7.853E-03
  896.0  2.620E+04  2.902E+00  7.384E-03
  898.0  2.541E+04  2.750E+00  6.944E-03
  900.0  2.464E+04  2.606E+00  6.531E-03
  902.0  2.389E+04  2.470E+00  6.142E-03
  904.0  2.317E+04  2.341E+00  5.776E-03
  906.0  2.247E+04  2.218E+00  5.433E-03
  908.0  2.179E+04  2.103E+00  5.110E-03
  910.0  2.114E+04  1.993E+00  4.806E-03
  912.0  2.050E+04  1.889E+00  4.521E-03
  914.0  1.988E+04  1.790E+00  4.252E-03
  916.0  1.928E+04  1.697E+00  4.000E-03
  918.0  1.870E+04  1.609E+00  3.763E-03
  920.0  1.814E+04  1.525E+00  3.540E-03
  922.0  1.759E+04  1.446E+00  3.330E-03
  924.0  1.707E+04  1.371E+00  3.133E-03
  926.0  1.655E+04  1.299E+00  2.948E-03
  928.0  1.606E+04  1.232E+00  2.773E-03
  930.0  1.558E+04  1.168E+00  2.609E-03
  932.0  1.511E+04  1.107E+00  2.455E-03
  934.0  1.466E+04  1.050E+00  2.310E-03
  936.0  1.422E+04  9.954E-01  2.174E-03
  938.0  1.379E+04  9.439E-01  2.046E-03
  940.0  1.338E+04  8.950E-01  1.925E-03
  942.0  1.298E+04  8.487E-01  1.812E-03
  944.0  1.259E+04  8.048E-01  1.705E-03
  946.0  1.221E+04  7.632E-01  1.605E-03
  948.0  1.185E+04  7.238E-01  1.510E-03
  950.0  1.150E+04  6.864E-01  1.422E-03
  952.0  1.115E+04  6.510E-01  1.338E-03
  954.0  1.082E+04  6.174E-01  1.259E-03
  956.0  1.050E+04  5.856E-01  1.186E-03
  958.0  1.019E+04  5.554E-01  1.116E-03
  960.0  9.882E+03  5.268E-01  1.051E-03
  962.0  9.588E+03  4.997E-01  9.890E-04
  964.0  9.303E+03  4.740E-01  9.311E-04
  966.0  9.027E+03  4.496E-01  8.766E-04
  968.0  8.759E+03  4.265E-01  8.253E-04
  970.0  8.499E+03  4.046E-01  7.770E-04
  972.0  8.247E+03  3.838E-01  7.316E-04
  974.0  8.002E+03  3.641E-01  6.889E-04
  976.0  7.765E+03  3.455E-01  6.486E-04
  978.0  7.535E+03  3.278E-01  6.108E-04
  980.0  7.312E+03  3.110E-01  5.752E-04
  982.0  7.096E+03  2.951E-01  5.416E-04
  984.0  6.886E+03  2.800E-01  5.101E-04
  986.0  6.683E+03  2.656E-01  4.804E-04
  988.0  6.485E+03  2.521E-01  4.524E-04
  990.0  6.294E+03  2.392E-01  4.261E-04
  992.0  6.108E+03  2.270E-01  4.013E-04
  994.0  5.928E+03  2.154E-01  3.780E-04
  996.0  5.753E+03  2.044E-01  3.560E-04
  998.0  5.584E+03  1.940E-01  3.354E-04
 1000.0  5.419E+03  1.841E-01  3.159E-04