      80.  51124.6
      82.  51079.7
      84.  51034.8
      86.  50990.0
      88.  50945.3
      90.  50900.6
      92.  50855.9
      94.  50811.3
      96.  50766.8
      98.  50722.2
     100.  50677.8
     102.  50633.3
     104.  50589.0
     106.  50544.7
     108.  50500.4
     110.  50456.2
     112.  50412.0
     114.  50367.9
     116.  50323.8
     118.  50279.8
     120.  50235.8
     122.  50191.8
     124.  50148.0
     126.  50104.1
     128.  50060.4
     130.  50016.6
     132.  49972.9
     134.  49929.3
     136.  49885.7
     138.  49842.1
     140.  49798.6
     142.  49755.2
     144.  49711.7
     146.  49668.4
     148.  49625.1
     150.  49581.8
     152.  49538.6
     154.  49495.4
     156.  49452.3
     158.  49409.2
     160.  49366.2
     162.  49323.2
     164.  49280.2
     166.  49237.3
     168.  49194.5
     170.  49151.7
     172.  49108.9
     174.  49066.2
     176.  49023.5
     178.  48980.9
     180.  48938.4
     182.  48895.8
     184.  48853.4
     186.  48810.9
     188.  48768.5
     190.  48726.2
     192.  48683.9
     194.  48641.7
     196.  48599.4
     198.  48557.3
     200.  48515.2
     202.  48473.1
     204.  48431.1
     206.  48389.1
     208.  48347.2
     210.  48305.3
     212.  48263.5
     214.  48221.7
     216.  48180.0
     218.  48138.2
     220.  48096.6
     222.  48055.0
     224.  48013.4
     226.  47971.9
     228.  47930.4
     230.  47889.0
     232.  47847.6
     234.  47806.3
     236.  47765.0
     238.  47723.7
     240.  47682.5
     242.  47641.3
     244.  47600.2
     246.  47559.1
     248.  47518.1
     250.  47477.1
     252.  47436.2
     254.  47395.3
     256.  47354.4
     258.  47313.6
     260.  47272.9
     262.  47232.1
     264.  47191.5
     266.  47150.8
     268.  47110.2
     270.  47069.7
     272.  47029.2
     274.  46988.7
     276.  46948.3
     278.  46907.9
     280.  46867.6
     282.  46827.4
     284.  46787.1
     286.  46746.9
     288.  46706.8
     290.  46666.6
     292.  46626.6
     294.  46586.5
     296.  46546.6
     298.  46506.6
     300.  46466.7
     302.  46426.9
     304.  46387.1
     306.  46347.3
     308.  46307.6
     310.  46267.9
     312.  46228.3
     314.  46188.7
     316.  46149.1
     318.  46109.6
     320.  46070.1
     322.  46030.7
     324.  45991.3
     326.  45952.0
     328.  45912.7
     330.  45873.5
     332.  45834.2
     334.  45795.0
     336.  45755.9
     338.  45716.8
     340.  45677.8
     342.  45638.8
     344.  45599.8
     346.  45560.9
     348.  45522.0
     350.  45483.2
     352.  45444.4
     354.  45405.6
     356.  45366.9
     358.  45328.3
     360.  45289.6
     362.  45251.0
     364.  45212.5
     366.  45174.0
     368.  45135.5
     370.  45097.1
     372.  45058.7
     374.  45020.4
     376.  44982.1
     378.  44943.8
     380.  44905.6
     382.  44867.4
     384.  44829.3
     386.  44791.2
     388.  44753.2
     390.  44715.1
     392.  44677.2
     394.  44639.2
     396.  44601.3
     398.  44563.5
     400.  44525.7
     402.  44487.9
     404.  44450.2
     406.  44412.5
     408.  44374.9
     410.  44337.3
     412.  44299.7
     414.  44262.2
     416.  44224.7
     418.  44187.2
     420.  44149.8
     422.  44112.5
     424.  44075.1
     426.  44037.8
     428.  44000.6
     430.  43963.4
     432.  43926.2
     434.  43889.1
     436.  43852.0
     438.  43814.9
     440.  43777.9
     442.  43741.0
     444.  43704.0
     446.  43667.1
     448.  43630.3
     450.  43593.5
     452.  43556.7
     454.  43520.0
     456.  43483.3
     458.  43446.6
     460.  43410.0
     462.  43373.4
     464.  43336.9
     466.  43300.4
     468.  43263.9
     470.  43227.5
     472.  43191.1
     474.  43154.8
     476.  43118.4
     478.  43082.2
     480.  43045.9
     482.  43009.8
     484.  42973.6
     486.  42937.5
     488.  42901.4
     490.  42865.4
     492.  42829.4
     494.  42793.4
     496.  42757.5
     498.  42721.6
     500.  42685.8
     502.  42650.0
     504.  42614.2
     506.  42578.4
     508.  42542.8
     510.  42507.1
     512.  42471.5
     514.  42435.9
     516.  42400.4
     518.  42364.8
     520.  42329.4
     522.  42294.0
     524.  42258.6
     526.  42223.2
     528.  42187.9
     530.  42152.6
     532.  42117.4
     534.  42082.1
     536.  42047.0
     538.  42011.8
     540.  41976.8
     542.  41941.7
     544.  41906.7
     546.  41871.7
     548.  41836.7
     550.  41801.8
     552.  41767.0
     554.  41732.1
     556.  41697.3
     558.  41662.6
     560.  41627.9
     562.  41593.2
     564.  41558.5
     566.  41523.9
     568.  41489.3
     570.  41454.8
     572.  41420.3
     574.  41385.8
     576.  41351.4
     578.  41317.0
     580.  41282.6
     582.  41248.3
     584.  41214.0
     586.  41179.7
     588.  41145.5
     590.  41111.3
     592.  41077.2
     594.  41043.1
     596.  41009.0
     598.  40975.0
     600.  40941.0
     602.  40907.0
     604.  40873.1
     606.  40839.2
     608.  40805.3
     610.  40771.5
     612.  40737.7
     614.  40704.0
     616.  40670.3
     618.  40636.6
     620.  40602.9
     622.  40569.3
     624.  40535.8
     626.  40502.2
     628.  40468.7
     630.  40435.3
     632.  40401.8
     634.  40368.4
     636.  40335.1
     638.  40301.7
     640.  40268.4
     642.  40235.2
     644.  40202.0
     646.  40168.8
     648.  40135.6
     650.  40102.5
     652.  40069.4
     654.  40036.4
     656.  40003.4
     658.  39970.4
     660.  39937.4
     662.  39904.5
     664.  39871.7
     666.  39838.8
     668.  39806.0
     670.  39773.2
     672.  39740.5
     674.  39707.8
     676.  39675.1
     678.  39642.5
     680.  39609.9
     682.  39577.3
     684.  39544.8
     686.  39512.3
     688.  39479.8
     690.  39447.4
     692.  39415.0
     694.  39382.6
     696.  39350.3
     698.  39318.0
     700.  39285.8
     702.  39253.5
     704.  39221.3
     706.  39189.2
     708.  39157.0
     710.  39124.9
     712.  39092.9
     714.  39060.9
     716.  39028.9
     718.  38996.9
     720.  38965.0
     722.  38933.1
     724.  38901.2
     726.  38869.4
     728.  38837.6
     730.  38805.8
     732.  38774.1
     734.  38742.4
     736.  38710.8
     738.  38679.1
     740.  38647.5
     742.  38616.0
     744.  38584.4
     746.  38552.9
     748.  38521.5
     750.  38490.1
     752.  38458.6
     754.  38427.3
     756.  38396.0
     758.  38364.6
     760.  38333.4
     762.  38302.1
     764.  38270.9
     766.  38239.8
     768.  38208.6
     770.  38177.5
     772.  38146.5
     774.  38115.4
     776.  38084.4
     778.  38053.4
     780.  38022.5
     782.  37991.6
     784.  37960.7
     786.  37929.8
     788.  37899.0
     790.  37868.2
     792.  37837.5
     794.  37806.8
     796.  37776.1
     798.  37745.4
     800.  37714.8
     802.  37684.2
     804.  37653.6
     806.  37623.1
     808.  37592.6
     810.  37562.1
     812.  37531.7
     814.  37501.3
     816.  37470.9
     818.  37440.6
     820.  37410.3
     822.  37380.0
     824.  37349.7
     826.  37319.5
     828.  37289.3
     830.  37259.2
     832.  37229.1
     834.  37199.0
     836.  37168.9
     838.  37138.9
     840.  37108.9
     842.  37078.9
     844.  37049.0
     846.  37019.1
     848.  36989.2
     850.  36959.3
     852.  36929.5
     854.  36899.8
     856.  36870.0
     858.  36840.3
     860.  36810.6
     862.  36780.9
     864.  36751.3
     866.  36721.7
     868.  36692.1
     870.  36662.6
     872.  36633.1
     874.  36603.6
     876.  36574.2
     878.  36544.8
     880.  36515.4
     882.  36486.0
     884.  36456.7
     886.  36427.4
     888.  36398.1
     890.  36368.9
     892.  36339.7
     894.  36310.5
     896.  36281.4
     898.  36252.2
     900.  36223.2
     902.  36194.1
     904.  36165.1
     906.  36136.1
     908.  36107.1
     910.  36078.2
     912.  36049.3
     914.  36020.4
     916.  35991.5
     918.  35962.7
     920.  35933.9
     922.  35905.2
     924.  35876.5
     926.  35847.8
     928.  35819.1
     930.  35790.4
     932.  35761.8
     934.  35733.2
     936.  35704.7
     938.  35676.2
     940.  35647.7
     942.  35619.2
     944.  35590.8
     946.  35562.4
     948.  35534.0
     950.  35505.6
     952.  35477.3
     954.  35449.0
     956.  35420.8
     958.  35392.5
     960.  35364.3
     962.  35336.1
     964.  35308.0
     966.  35279.9
     968.  35251.8
     970.  35223.7
     972.  35195.7
     974.  35167.7
     976.  35139.7
     978.  35111.8
     980.  35083.9
     982.  35056.0
     984.  35028.1
     986.  35000.3
     988.  34972.5
     990.  34944.7
     992.  34916.9
     994.  34889.2
     996.  34861.5
     998.  34833.9
    1000.  34806.2