   80.00  0.30034E+07  212.8  212.8  212.8   0.0   0.0 100.0
   82.00  0.47522E+08  209.3  209.3  209.3   0.0   0.0 100.0
   84.00  0.19865E+09  205.4  205.4  205.4   0.0   0.2  99.8
   86.00  0.34806E+09  200.9  200.9  200.9   0.0   0.3  99.7
   88.00  0.40559E+09  196.1  196.1  196.1   0.0   0.3  99.7
   90.00  0.49373E+09  190.8  190.8  190.8   0.0   0.4  99.6
   92.00  0.96022E+09  185.4  185.4  185.4   0.0   0.9  99.1
   94.00  0.17715E+10  180.8  180.8  180.8   0.0   1.8  98.2
   96.00  0.24993E+10  177.9  177.9  177.9   0.0   2.8  97.2
   98.00  0.30367E+10  177.5  177.5  177.5   0.0   3.7  96.3
  100.00  0.33570E+10  180.6  180.6  180.6   0.0   4.4  95.6
  102.00  0.35126E+10  188.3  188.3  188.3   0.0   4.9  95.1
  104.00  0.35723E+10  200.7  200.7  200.7   0.0   5.2  94.8
  106.00  0.35886E+10  217.8  217.8  217.8   0.0   5.3  94.7
  108.00  0.35910E+10  239.4  239.4  239.4   0.0   5.5  94.5
  110.00  0.35910E+10  264.8  264.8  264.8   0.0   5.5  94.5
  112.00  0.34649E+10  292.1  292.1  292.1   0.0   5.4  94.6
  114.00  0.31538E+10  320.6  320.6  320.6   0.0   5.0  95.0
  116.00  0.27568E+10  350.0  350.0  350.0   0.0   4.5  95.5
  118.00  0.23500E+10  379.7  379.7  379.7   0.0   3.9  96.1
  120.00  0.19793E+10  409.5  409.5  409.5   0.0   3.3  96.7
  122.00  0.16651E+10  439.0  439.0  439.0   0.0   2.9  97.1
  124.00  0.14115E+10  468.2  468.2  468.2   0.0   2.5  97.5
  126.00  0.12143E+10  496.2  496.2  496.2   0.0   2.2  97.8
  128.00  0.10656E+10  522.9  522.9  522.9   0.0   2.0  98.0
  130.00  0.95756E+09  548.2  548.2  548.2   0.0   1.9  98.1
  132.00  0.88303E+09  572.2  572.2  572.2   0.0   1.8  98.2
  134.00  0.83657E+09  595.0  595.0  595.0   0.0   1.8  98.2
  136.00  0.81414E+09  616.7  616.7  616.7   0.0   1.8  98.2
  138.00  0.81306E+09  637.3  637.3  641.0   0.0   1.9  98.1
  140.00  0.83173E+09  656.8  656.8  666.1   0.0   2.0  98.0
  142.00  0.86935E+09  675.4  675.4  690.9   0.1   2.1  97.8
  144.00  0.92567E+09  693.0  693.0  715.2   0.1   2.4  97.6
  146.00  0.10008E+10  709.7  709.7  738.7   0.1   2.6  97.3
  148.00  0.10947E+10  725.6  725.6  761.3   0.1   2.7  97.2
  150.00  0.12071E+10  740.7  740.7  782.6   0.1   2.9  97.0
  152.00  0.13374E+10  755.1  755.1  802.3   0.2   3.1  96.7
  154.00  0.14838E+10  768.7  768.7  820.3   0.2   3.3  96.4
  156.00  0.16441E+10  781.6  781.6  836.2   0.3   3.6  96.1
  158.00  0.18153E+10  793.9  793.9  850.1   0.4   4.0  95.7
  160.00  0.19942E+10  805.6  805.6  862.1   0.4   4.3  95.2
  162.00  0.21783E+10  816.7  816.7  872.6   0.5   4.7  94.7
  164.00  0.23669E+10  827.3  827.3  881.7   0.7   5.1  94.2
  166.00  0.25622E+10  837.3  837.3  889.8   0.8   5.6  93.6
  168.00  0.27714E+10  846.8  846.8  897.2   1.0   6.1  93.0
  170.00  0.30083E+10  855.8  855.8  904.0   1.2   6.6  92.2
  172.00  0.32967E+10  864.4  864.4  910.5   1.4   7.3  91.3
  174.00  0.36238E+10  872.6  872.6  916.6   1.7   8.0  90.2
  176.00  0.37948E+10  880.3  880.3  922.6   2.0   8.5  89.5
  178.00  0.39757E+10  887.7  887.7  928.5   2.3   9.0  88.7
  180.00  0.41672E+10  894.7  894.7  934.3   2.6   9.5  87.8
  182.00  0.43702E+10  901.4  901.4  940.0   3.0  10.1  86.9
  184.00  0.45856E+10  907.7  907.7  945.7   3.4  10.7  85.9
  186.00  0.48143E+10  913.7  913.7  951.4   3.9  11.3  84.7
  188.00  0.50574E+10  919.4  919.4  957.0   4.4  12.0  83.5
  190.00  0.53162E+10  924.9  924.9  962.7   5.1  12.6  82.2
  192.00  0.55919E+10  930.0  930.0  968.3   5.8  13.3  80.8
  194.00  0.58862E+10  934.9  934.9  973.9   6.5  14.1  79.3
  196.00  0.62007E+10  939.6  939.6  979.6   7.4  14.8  77.7
  198.00  0.65374E+10  944.0  944.0  985.2   8.4  15.5  76.0
  200.00  0.68985E+10  948.2  948.2  990.8   9.5  16.3  74.2
  202.00  0.72863E+10  952.2  952.2  996.4  10.7  17.0  72.2
  204.00  0.77039E+10  956.0  956.0 1002.0  12.0  17.7  70.1
  206.00  0.81546E+10  959.7  959.7 1007.6  13.5  18.4  68.0
  208.00  0.86421E+10  963.1  963.1 1013.3  15.1  19.0  65.7
  210.00  0.91711E+10  966.4  966.4 1018.9  16.9  19.6  63.3
  212.00  0.97470E+10  969.5  969.5 1024.5  18.9  20.1  60.8
  214.00  0.10376E+11  972.4  972.4 1030.1  21.1  20.5  58.2
  216.00  0.11066E+11  975.3  975.3 1035.7  23.5  20.8  55.5
  218.00  0.11828E+11  977.9  977.9 1041.3  26.0  21.0  52.8
  220.00  0.12672E+11  980.5  980.5 1047.0  28.8  21.1  49.9
  222.00  0.13616E+11  982.9  983.1 1052.6  31.8  21.0  47.0
  224.00  0.14654E+11  985.2  986.3 1058.2  35.0  20.8  44.0
  226.00  0.15754E+11  987.4  989.5 1063.8  38.3  20.4  41.1
  228.00  0.16918E+11  989.5  992.7 1069.4  41.7  19.8  38.2
  230.00  0.18146E+11  991.4  995.8 1075.0  45.2  19.1  35.5
  232.00  0.19441E+11  993.3  999.0 1080.7  48.6  18.3  32.8
  234.00  0.20804E+11  995.1 1002.2 1086.3  51.9  17.4  30.3
  236.00  0.22236E+11  996.8 1005.3 1091.9  55.2  16.5  28.0
  238.00  0.23740E+11  998.4 1008.5 1097.5  58.4  15.5  25.8
  240.00  0.25314E+11 1000.0 1011.7 1103.1  61.5  14.5  23.7
  242.00  0.26962E+11 1001.4 1014.9 1108.7  64.5  13.5  21.7
  244.00  0.28682E+11 1002.8 1018.0 1114.4  67.3  12.5  19.9
  246.00  0.30475E+11 1004.1 1021.2 1120.0  70.0  11.5  18.2
  248.00  0.32342E+11 1005.4 1024.4 1125.6  72.6  10.6  16.6
  250.00  0.34281E+11 1006.6 1027.6 1131.2  74.9   9.7  15.1
  252.00  0.36292E+11 1007.7 1030.7 1136.8  77.2   8.8  13.7
  254.00  0.38374E+11 1008.8 1033.9 1142.4  79.2   8.0  12.5
  256.00  0.40526E+11 1009.8 1037.1 1148.0  81.1   7.3  11.3
  258.00  0.42745E+11 1010.8 1040.3 1153.7  82.8   6.6  10.3
  260.00  0.45030E+11 1011.8 1043.4 1159.3  84.4   6.0   9.4
  262.00  0.47378E+11 1012.7 1046.6 1164.9  85.8   5.4   8.5
  264.00  0.49785E+11 1013.5 1049.8 1170.5  87.2   4.9   7.7
  266.00  0.52248E+11 1014.3 1052.9 1176.1  88.4   4.4   7.0
  268.00  0.54764E+11 1015.1 1056.1 1181.7  89.4   4.0   6.4
  270.00  0.57327E+11 1015.8 1059.3 1187.4  90.4   3.6   5.8
  272.00  0.59934E+11 1016.5 1062.5 1193.0  91.3   3.2   5.2
  274.00  0.62577E+11 1017.1 1065.6 1198.6  92.1   2.9   4.8
  276.00  0.65253E+11 1017.8 1068.8 1204.2  92.8   2.6   4.3
  278.00  0.67953E+11 1018.4 1072.0 1209.8  93.5   2.4   4.0
  280.00  0.70673E+11 1018.9 1075.2 1215.4  94.1   2.1   3.6
  282.00  0.73404E+11 1019.5 1078.3 1221.1  94.6   1.9   3.3
  284.00  0.76140E+11 1020.0 1081.5 1226.7  95.1   1.7   3.0
  286.00  0.78872E+11 1020.5 1084.7 1232.3  95.5   1.6   2.7
  288.00  0.81593E+11 1021.0 1087.9 1237.9  95.9   1.4   2.5
  290.00  0.84294E+11 1021.4 1091.0 1243.5  96.2   1.3   2.3
  292.00  0.86966E+11 1021.8 1094.2 1249.1  96.6   1.2   2.1
  294.00  0.89601E+11 1022.2 1097.4 1254.8  96.8   1.1   1.9
  296.00  0.92190E+11 1022.6 1100.5 1260.4  97.1   1.0   1.8
  298.00  0.94723E+11 1023.0 1103.7 1266.0  97.3   0.9   1.6
  300.00  0.97192E+11 1023.3 1106.9 1271.6  97.5   0.8   1.5
  302.00  0.99588E+11 1023.7 1110.1 1277.2  97.0   0.0   0.0
  304.00  0.10190E+12 1024.0 1113.2 1282.8  97.0   0.0   0.0
  306.00  0.10412E+12 1024.3 1116.4 1288.5  97.0   0.0   0.0
  308.00  0.10624E+12 1024.6 1119.6 1294.1  97.0   0.0   0.0
  310.00  0.10826E+12 1024.8 1122.8 1299.7  97.0   0.0   0.0
  312.00  0.11015E+12 1025.1 1125.9 1305.3  97.0   0.0   0.0
  314.00  0.11192E+12 1025.3 1129.1 1310.9  97.0   0.0   0.0
  316.00  0.11356E+12 1025.6 1132.3 1316.5  97.0   0.0   0.0
  318.00  0.11507E+12 1025.8 1135.5 1322.1  97.0   0.0   0.0
  320.00  0.11642E+12 1026.0 1138.6 1327.8  97.0   0.0   0.0
  322.00  0.11763E+12 1026.2 1141.8 1333.4  97.0   0.0   0.0
  324.00  0.11868E+12 1026.4 1145.0 1339.0  97.0   0.0   0.0
  326.00  0.11958E+12 1026.6 1148.1 1344.6  96.9   0.0   0.0
  328.00  0.12031E+12 1026.8 1151.3 1350.2  96.9   0.0   0.0
  330.00  0.12087E+12 1026.9 1154.5 1355.8  96.9   0.0   0.0
  332.00  0.12127E+12 1027.1 1157.7 1361.4  96.9   0.0   0.0
  334.00  0.12150E+12 1027.2 1160.8 1366.9  96.9   0.0   0.0
  336.00  0.12157E+12 1027.4 1164.0 1372.5  96.9   0.0   0.0
  338.00  0.12154E+12 1027.5 1167.2 1378.0  96.9   0.0   0.0
  340.00  0.12145E+12 1027.6 1170.4 1383.5  96.9   0.0   0.0
  342.00  0.12132E+12 1027.8 1173.5 1388.9  96.9   0.0   0.0
  344.00  0.12114E+12 1027.9 1176.7 1394.3  96.9   0.0   0.0
  346.00  0.12091E+12 1028.0 1179.9 1399.5  96.9   0.0   0.0
  348.00  0.12064E+12 1028.1 1183.1 1404.7  96.9   0.0   0.0
  350.00  0.12032E+12 1028.2 1186.2 1409.7  96.9   0.0   0.0
  352.00  0.11996E+12 1028.3 1189.4 1414.5  96.9   0.0   0.0
  354.00  0.11955E+12 1028.4 1192.6 1419.3  96.9   0.0   0.0
  356.00  0.11911E+12 1028.5 1195.7 1423.9  96.9   0.0   0.0
  358.00  0.11862E+12 1028.6 1198.9 1428.5  96.9   0.0   0.0
  360.00  0.11810E+12 1028.7 1202.1 1432.9  96.9   0.0   0.0
  362.00  0.11755E+12 1028.7 1205.3 1437.3  96.8   0.0   0.0
  364.00  0.11696E+12 1028.8 1208.4 1441.7  96.8   0.0   0.0
  366.00  0.11634E+12 1028.9 1211.6 1446.0  96.8   0.0   0.0
  368.00  0.11568E+12 1028.9 1214.8 1450.4  96.8   0.0   0.0
  370.00  0.11500E+12 1029.0 1217.9 1454.7  96.8   0.0   0.0
  372.00  0.11429E+12 1029.1 1221.1 1458.9  96.8   0.0   0.0
  374.00  0.11355E+12 1029.1 1224.3 1463.2  96.8   0.0   0.0
  376.00  0.11279E+12 1029.2 1227.4 1467.5  96.8   0.0   0.0
  378.00  0.11200E+12 1029.2 1230.6 1471.8  96.8   0.0   0.0
  380.00  0.11120E+12 1029.3 1233.7 1476.1  96.8   0.0   0.0
  382.00  0.11037E+12 1029.3 1236.9 1480.3  96.8   0.0   0.0
  384.00  0.10952E+12 1029.4 1240.1 1484.6  96.8   0.0   0.0
  386.00  0.10865E+12 1029.4 1243.2 1488.9  96.7   0.0   0.0
  388.00  0.10777E+12 1029.5 1246.3 1493.1  96.7   0.0   0.0
  390.00  0.10687E+12 1029.5 1249.5 1497.4  96.7   0.0   0.0
  392.00  0.10596E+12 1029.5 1252.6 1501.7  96.7   0.0   0.0
  394.00  0.10504E+12 1029.6 1255.7 1506.0  96.7   0.0   0.0
  396.00  0.10410E+12 1029.6 1258.8 1510.2  96.7   0.0   0.0
  398.00  0.10315E+12 1029.6 1261.9 1514.5  96.7   0.0   0.0
  400.00  0.10220E+12 1029.7 1265.0 1518.8  96.7   0.0   0.0
  402.00  0.10123E+12 1029.7 1268.0 1523.0  96.7   0.0   0.0
  404.00  0.10026E+12 1029.7 1271.1 1527.3  96.6   0.0   0.0
  406.00  0.99279E+11 1029.7 1274.0 1531.6  96.6   0.0   0.0
  408.00  0.98294E+11 1029.8 1277.0 1535.9  96.6   0.0   0.0
  410.00  0.97304E+11 1029.8 1279.9 1540.1  96.6   0.0   0.0
  412.00  0.96311E+11 1029.8 1282.8 1544.4  96.6   0.0   0.0
  414.00  0.95315E+11 1029.8 1285.6 1548.7  96.6   0.0   0.0
  416.00  0.94316E+11 1029.9 1288.3 1552.9  96.6   0.0   0.0
  418.00  0.93316E+11 1029.9 1291.0 1557.2  96.6   0.0   0.0
  420.00  0.92316E+11 1029.9 1293.6 1561.5  96.5   0.0   0.0
  422.00  0.91316E+11 1029.9 1296.0 1565.7  96.5   0.0   0.0
  424.00  0.90316E+11 1029.9 1298.4 1570.0  96.5   0.0   0.0
  426.00  0.89318E+11 1030.0 1300.7 1574.3  96.5   0.0   0.0
  428.00  0.88322E+11 1030.0 1302.9 1578.6  96.5   0.0   0.0
  430.00  0.87328E+11 1030.0 1304.9 1582.8  96.5   0.0   0.0
  432.00  0.86337E+11 1030.0 1306.8 1587.1  96.4   0.0   0.0
  434.00  0.85350E+11 1030.0 1308.6 1591.4  96.4   0.0   0.0
  436.00  0.84367E+11 1030.0 1310.3 1595.6  96.4   0.0   0.0
  438.00  0.83389E+11 1030.0 1311.9 1599.9  96.4   0.0   0.0
  440.00  0.82415E+11 1030.0 1313.4 1604.2  96.4   0.0   0.0
  442.00  0.81447E+11 1030.1 1314.8 1608.5  96.4   0.0   0.0
  444.00  0.80485E+11 1030.1 1316.1 1612.7  96.3   0.0   0.0
  446.00  0.79529E+11 1030.1 1317.3 1617.0  96.3   0.0   0.0
  448.00  0.78579E+11 1030.1 1318.5 1621.3  96.3   0.0   0.0
  450.00  0.77636E+11 1030.1 1319.6 1625.5  96.3   0.0   0.0
  452.00  0.76700E+11 1030.1 1320.6 1629.8  96.3   0.0   0.0
  454.00  0.75771E+11 1030.1 1321.6 1634.1  96.2   0.0   0.0
  456.00  0.74850E+11 1030.1 1322.6 1638.4  96.2   0.0   0.0
  458.00  0.73936E+11 1030.1 1323.5 1642.6  96.2   0.0   0.0
  460.00  0.73030E+11 1030.1 1324.4 1646.9  96.2   0.0   0.0
  462.00  0.72133E+11 1030.1 1325.3 1651.2  96.2   0.0   0.0
  464.00  0.71243E+11 1030.2 1326.2 1655.4  96.1   0.0   0.0
  466.00  0.70363E+11 1030.2 1327.1 1659.7  96.1   0.0   0.0
  468.00  0.69490E+11 1030.2 1327.9 1664.0  96.1   0.0   0.0
  470.00  0.68627E+11 1030.2 1328.8 1668.3  96.1   0.0   0.0
  472.00  0.67772E+11 1030.2 1329.6 1672.5  96.0   0.0   0.0
  474.00  0.66926E+11 1030.2 1330.4 1676.8  96.0   0.0   0.0
  476.00  0.66090E+11 1030.2 1331.2 1681.1  96.0   0.0   0.0
  478.00  0.65262E+11 1030.2 1332.0 1685.3  95.9   0.0   0.0
  480.00  0.64443E+11 1030.2 1332.9 1689.6  95.9   0.0   0.0
  482.00  0.63634E+11 1030.2 1333.7 1693.9  95.9   0.0   0.0
  484.00  0.62834E+11 1030.2 1334.5 1698.2  95.9   0.0   0.0
  486.00  0.62043E+11 1030.2 1335.3 1702.5  95.8   0.0   0.0
  488.00  0.61261E+11 1030.2 1336.1 1706.7  95.8   0.0   0.0
  490.00  0.60489E+11 1030.2 1336.9 1711.0  95.8   0.0   0.0
  492.00  0.59726E+11 1030.2 1337.7 1715.3  95.7   0.0   0.0
  494.00  0.58972E+11 1030.2 1338.4 1719.6  95.7   0.0   0.0
  496.00  0.58227E+11 1030.2 1339.2 1723.9  95.7   0.0   0.0
  498.00  0.57492E+11 1030.2 1340.0 1728.2  95.6   0.0   0.0
  500.00  0.56766E+11 1030.2 1340.8 1732.5  95.6   0.0   0.0
  502.00  0.56049E+11 1030.2 1341.6 1736.8  95.6   0.0   0.0
  504.00  0.55341E+11 1030.2 1342.4 1741.1  95.5   0.0   0.0
  506.00  0.54643E+11 1030.2 1343.2 1745.4  95.5   0.0   0.0
  508.00  0.53953E+11 1030.2 1344.0 1749.8  95.4   0.0   0.0
  510.00  0.53272E+11 1030.2 1344.8 1754.1  95.4   0.0   0.0
  512.00  0.52601E+11 1030.3 1345.6 1758.5  95.4   0.0   0.0
  514.00  0.51938E+11 1030.3 1346.4 1762.9  95.3   0.0   0.0
  516.00  0.51284E+11 1030.3 1347.2 1767.3  95.3   0.0   0.0
  518.00  0.50639E+11 1030.3 1348.0 1771.8  95.2   0.0   0.0
  520.00  0.50003E+11 1030.3 1348.7 1776.3  95.2   0.0   0.0
  522.00  0.49375E+11 1030.3 1349.5 1780.8  95.1   0.0   0.0
  524.00  0.48756E+11 1030.3 1350.3 1785.4  95.1   0.0   0.0
  526.00  0.48146E+11 1030.3 1351.1 1790.1  95.0   0.0   0.0
  528.00  0.47543E+11 1030.3 1351.9 1794.8  95.0   0.0   0.0
  530.00  0.46949E+11 1030.3 1352.7 1799.7  94.9   0.0   0.0
  532.00  0.46364E+11 1030.3 1353.5 1804.6  94.9   0.0   0.0
  534.00  0.45786E+11 1030.3 1354.3 1809.7  94.8   0.0   0.0
  536.00  0.45217E+11 1030.3 1355.1 1814.9  94.7   0.0   0.0
  538.00  0.44655E+11 1030.3 1355.9 1820.3  94.7   0.0   0.0
  540.00  0.44102E+11 1030.3 1356.7 1825.8  94.6   0.0   0.0
  542.00  0.43556E+11 1030.3 1357.4 1831.6  94.6   0.0   0.0
  544.00  0.43018E+11 1030.3 1358.2 1837.6  94.5   0.0   0.0
  546.00  0.42488E+11 1030.3 1359.0 1843.8  94.4   0.0   0.0
  548.00  0.41965E+11 1030.3 1359.8 1850.3  94.4   0.0   0.0
  550.00  0.41449E+11 1030.3 1360.6 1857.0  94.3   0.0   0.0
  552.00  0.40941E+11 1030.3 1361.4 1864.0  94.2   0.0   0.0
  554.00  0.40440E+11 1030.3 1362.2 1871.3  94.1   0.0   0.0
  556.00  0.39947E+11 1030.3 1363.0 1878.8  94.1   0.0   0.0
  558.00  0.39460E+11 1030.3 1363.8 1886.5  94.0   0.0   0.0
  560.00  0.38981E+11 1030.3 1364.6 1894.5  93.9   0.0   0.0
  562.00  0.38508E+11 1030.3 1365.4 1902.6  93.8   0.0   0.0
  564.00  0.38042E+11 1030.3 1366.1 1911.0  93.7   0.0   0.0
  566.00  0.37583E+11 1030.3 1366.9 1919.5  93.6   0.0   0.0
  568.00  0.37130E+11 1030.3 1367.7 1928.1  93.6   0.0   0.0
  570.00  0.36684E+11 1030.3 1368.5 1936.9  93.5   0.0   0.0
  572.00  0.36245E+11 1030.3 1369.3 1945.8  93.4   0.0   0.0
  574.00  0.35812E+11 1030.3 1370.1 1954.8  93.3   0.0   0.0
  576.00  0.35385E+11 1030.3 1370.9 1963.9  93.2   0.0   0.0
  578.00  0.34964E+11 1030.3 1371.7 1973.0  93.1   0.0   0.0
  580.00  0.34549E+11 1030.3 1372.5 1982.2  93.0   0.0   0.0
  582.00  0.34140E+11 1030.3 1373.3 1991.4  92.9   0.0   0.0
  584.00  0.33737E+11 1030.3 1374.1 2000.7  92.8   0.0   0.0
  586.00  0.33340E+11 1030.3 1374.8 2010.0  92.7   0.0   0.0
  588.00  0.32949E+11 1030.3 1375.6 2019.3  92.6   0.0   0.0
  590.00  0.32564E+11 1030.3 1376.4 2028.7  92.4   0.0   0.0
  592.00  0.32183E+11 1030.3 1377.2 2038.0  92.3   0.0   0.0
  594.00  0.31809E+11 1030.3 1378.0 2047.4  92.2   0.0   0.0
  596.00  0.31440E+11 1030.3 1378.8 2056.8  92.1   0.0   0.0
  598.00  0.31076E+11 1030.3 1379.6 2066.2  92.0   0.0   0.0
  600.00  0.30717E+11 1030.3 1380.4 2075.6  91.9   0.0   0.0
  602.00  0.30364E+11 1030.3 1381.2 2085.1  91.7   0.0   0.0
  604.00  0.30016E+11 1030.3 1382.0 2094.5  91.6   0.0   0.0
  606.00  0.29672E+11 1030.3 1382.8 2103.9  91.5   0.0   0.0
  608.00  0.29334E+11 1030.3 1383.5 2113.4  91.3   0.0   0.0
  610.00  0.29000E+11 1030.3 1384.3 2122.8  91.2   0.0   0.0
  612.00  0.28672E+11 1030.3 1385.1 2132.2  91.1   0.0   0.0
  614.00  0.28348E+11 1030.3 1385.9 2141.7  90.9   0.0   0.0
  616.00  0.28028E+11 1030.3 1386.7 2151.1  90.8   0.0   0.0
  618.00  0.27713E+11 1030.3 1387.5 2160.6  90.7   0.0   0.0
  620.00  0.27403E+11 1030.3 1388.3 2170.0  90.5   0.0   0.0
  622.00  0.27097E+11 1030.3 1389.1 2179.5  90.4   0.0   0.0
  624.00  0.26795E+11 1030.3 1389.9 2188.9  90.2   0.0   0.0
  626.00  0.26498E+11 1030.3 1390.7 2198.4  90.1   0.0   0.0
  628.00  0.26205E+11 1030.3 1391.5 2207.9  89.9   0.0   0.0
  630.00  0.25916E+11 1030.3 1392.2 2217.3  89.8   0.0   0.0
  632.00  0.25631E+11 1030.3 1393.0 2226.8  89.6   0.0   0.0
  634.00  0.25351E+11 1030.3 1393.8 2236.2  89.4   0.0   0.0
  636.00  0.25074E+11 1030.3 1394.6 2245.7  89.3   0.0   0.0
  638.00  0.24801E+11 1030.3 1395.4 2255.1  89.1   0.0   0.0
  640.00  0.24532E+11 1030.3 1396.2 2264.6  88.9   0.0   0.0
  642.00  0.24267E+11 1030.3 1397.0 2274.0  88.8   0.0   0.0
  644.00  0.24005E+11 1030.3 1397.8 2283.5  88.6   0.0   0.0
  646.00  0.23747E+11 1030.3 1398.6 2292.9  88.4   0.0   0.0
  648.00  0.23493E+11 1030.3 1399.4 2302.4  88.3   0.0   0.0
  650.00  0.23242E+11 1030.3 1400.2 2311.9  88.1   0.0   0.0
  652.00  0.22995E+11 1030.3 1400.9 2321.3  87.9   0.0   0.0
  654.00  0.22751E+11 1030.3 1401.7 2330.8  87.7   0.0   0.0
  656.00  0.22511E+11 1030.3 1402.5 2340.2  87.5   0.0   0.0
  658.00  0.22273E+11 1030.3 1403.3 2349.7  87.3   0.0   0.0
  660.00  0.22040E+11 1030.3 1404.1 2359.1  87.1   0.0   0.0
  662.00  0.21809E+11 1030.3 1404.9 2368.6  86.9   0.0   0.0
  664.00  0.21582E+11 1030.3 1405.7 2378.0  86.8   0.0   0.0
  666.00  0.21357E+11 1030.3 1406.5 2387.5  86.6   0.0   0.0
  668.00  0.21136E+11 1030.3 1407.3 2396.9  86.4   0.0   0.0
  670.00  0.20918E+11 1030.3 1408.1 2406.4  86.1   0.0   0.0
  672.00  0.20703E+11 1030.3 1408.8 2415.9  85.9   0.0   0.0
  674.00  0.20490E+11 1030.3 1409.6 2425.3  85.7   0.0   0.0
  676.00  0.20281E+11 1030.3 1410.4 2434.8  85.5   0.0   0.0
  678.00  0.20074E+11 1030.3 1411.2 2444.2  85.3   0.0   0.0
  680.00  0.19871E+11 1030.3 1412.0 2453.7  85.1   0.0   0.0
  682.00  0.19670E+11 1030.3 1412.8 2463.1  84.9   0.0   0.0
  684.00  0.19471E+11 1030.3 1413.6 2472.6  84.7   0.0   0.0
  686.00  0.19276E+11 1030.3 1414.4 2482.0  84.4   0.0   0.0
  688.00  0.19083E+11 1030.3 1415.2 2491.5  84.2   0.0   0.0
  690.00  0.18892E+11 1030.3 1416.0 2500.9  84.0   0.0   0.0
  692.00  0.18704E+11 1030.3 1416.8 2510.4  83.8   0.0   0.0
  694.00  0.18519E+11 1030.3 1417.5 2519.8  83.6   0.0   0.0
  696.00  0.18336E+11 1030.3 1418.3 2529.3  83.3   0.0   0.0
  698.00  0.18156E+11 1030.3 1419.1 2538.7  83.1   0.0   0.0
  700.00  0.17978E+11 1030.3 1419.9 2548.2  82.9   0.0   0.0
  702.00  0.17802E+11 1030.3 1420.7 2557.6  82.6   0.0   0.0
  704.00  0.17629E+11 1030.3 1421.5 2567.1  82.4   0.0   0.0
  706.00  0.17457E+11 1030.3 1422.3 2576.5  82.2   0.0   0.0
  708.00  0.17288E+11 1030.3 1423.1 2586.0  81.9   0.0   0.0
  710.00  0.17122E+11 1030.3 1423.9 2595.4  81.7   0.0   0.0
  712.00  0.16957E+11 1030.3 1424.7 2604.9  81.5   0.0   0.0
  714.00  0.16795E+11 1030.3 1425.5 2614.3  81.3   0.0   0.0
  716.00  0.16635E+11 1030.3 1426.2 2623.8  81.0   0.0   0.0
  718.00  0.16477E+11 1030.3 1427.0 2633.2  80.8   0.0   0.0
  720.00  0.16320E+11 1030.3 1427.8 2642.7  80.6   0.0   0.0
  722.00  0.16166E+11 1030.3 1428.6 2652.1  80.4   0.0   0.0
  724.00  0.16014E+11 1030.3 1429.4 2661.5  80.2   0.0   0.0
  726.00  0.15864E+11 1030.3 1430.2 2671.0  79.9   0.0   0.0
  728.00  0.15716E+11 1030.3 1431.0 2680.4  79.7   0.0   0.0
  730.00  0.15569E+11 1030.3 1431.8 2689.8  79.5   0.0   0.0
  732.00  0.15425E+11 1030.3 1432.6 2699.3  79.3   0.0   0.0
  734.00  0.15282E+11 1030.3 1433.4 2708.7  79.1   0.0   0.0
  736.00  0.15141E+11 1030.3 1434.2 2718.1  78.9   0.0   0.0
  738.00  0.15002E+11 1030.3 1434.9 2727.5  78.7   0.0   0.0
  740.00  0.14865E+11 1030.3 1435.7 2737.0  78.6   0.0   0.0
  742.00  0.14729E+11 1030.3 1436.5 2746.4  78.4   0.0   0.0
  744.00  0.14595E+11 1030.3 1437.3 2755.8  78.2   0.0   0.0
  746.00  0.14463E+11 1030.3 1438.1 2765.2  78.0   0.0   0.0
  748.00  0.14333E+11 1030.3 1438.9 2774.6  77.9   0.0   0.0
  750.00  0.14204E+11 1030.3 1439.7 2784.0  77.7   0.0   0.0
  752.00  0.14076E+11 1030.3 1440.5 2793.4  77.5   0.0   0.0
  754.00  0.13951E+11 1030.3 1441.3 2802.8  77.4   0.0   0.0
  756.00  0.13826E+11 1030.3 1442.1 2812.1  77.2   0.0   0.0
  758.00  0.13704E+11 1030.3 1442.9 2821.5  77.1   0.0   0.0
  760.00  0.13583E+11 1030.3 1443.6 2830.8  77.0   0.0   0.0
  762.00  0.13463E+11 1030.3 1444.4 2840.2  76.8   0.0   0.0
  764.00  0.13345E+11 1030.3 1445.2 2849.5  76.7   0.0   0.0
  766.00  0.13228E+11 1030.3 1446.0 2858.8  76.6   0.0   0.0
  768.00  0.13113E+11 1030.3 1446.8 2868.1  76.5   0.0   0.0
  770.00  0.12999E+11 1030.3 1447.6 2877.4  76.3   0.0   0.0
  772.00  0.12886E+11 1030.3 1448.4 2886.7  76.2   0.0   0.0
  774.00  0.12775E+11 1030.3 1449.2 2896.0  76.1   0.0   0.0
  776.00  0.12665E+11 1030.3 1450.0 2905.2  76.0   0.0   0.0
  778.00  0.12556E+11 1030.3 1450.8 2914.4  75.9   0.0   0.0
  780.00  0.12449E+11 1030.3 1451.6 2923.6  75.8   0.0   0.0
  782.00  0.12343E+11 1030.3 1452.3 2932.7  75.7   0.0   0.0
  784.00  0.12238E+11 1030.3 1453.1 2941.9  75.6   0.0   0.0
  786.00  0.12135E+11 1030.3 1453.9 2951.0  75.5   0.0   0.0
  788.00  0.12033E+11 1030.3 1454.7 2960.0  75.4   0.0   0.0
  790.00  0.11932E+11 1030.3 1455.5 2969.0  75.3   0.0   0.0
  792.00  0.11832E+11 1030.3 1456.3 2978.0  75.3   0.0   0.0
  794.00  0.11733E+11 1030.3 1457.1 2986.9  75.2   0.0   0.0
  796.00  0.11636E+11 1030.3 1457.9 2995.8  75.1   0.0   0.0
  798.00  0.11539E+11 1030.3 1458.7 3004.6  75.0   0.0   0.0
  800.00  0.11444E+11 1030.3 1459.5 3013.4  74.9   0.0   0.0
  802.00  0.11350E+11 1030.3 1460.3 3022.1  74.8   0.0   0.0
  804.00  0.11257E+11 1030.3 1461.0 3030.7  74.8   0.0   0.0
  806.00  0.11165E+11 1030.3 1461.8 3039.2  74.7   0.0   0.0
  808.00  0.11074E+11 1030.3 1462.6 3047.6  74.6   0.0   0.0
  810.00  0.10984E+11 1030.3 1463.4 3056.0  74.5   0.0   0.0
  812.00  0.10895E+11 1030.3 1464.2 3064.2  74.4   0.0   0.0
  814.00  0.10808E+11 1030.3 1465.0 3072.4  74.4   0.0   0.0
  816.00  0.10721E+11 1030.3 1465.8 3080.4  74.3   0.0   0.0
  818.00  0.10635E+11 1030.3 1466.6 3088.3  74.2   0.0   0.0
  820.00  0.10550E+11 1030.3 1467.4 3096.1  74.1   0.0   0.0
  822.00  0.10466E+11 1030.3 1468.2 3103.7  74.0   0.0   0.0
  824.00  0.10383E+11 1030.3 1469.0 3111.1  74.0   0.0   0.0
  826.00  0.10301E+11 1030.3 1469.7 3118.4  73.9   0.0   0.0
  828.00  0.10220E+11 1030.3 1470.5 3125.5  73.8   0.0   0.0
  830.00  0.10140E+11 1030.3 1471.3 3132.5  73.7   0.0   0.0
  832.00  0.10061E+11 1030.3 1472.1 3139.2  73.7   0.0   0.0
  834.00  0.99823E+10 1030.3 1472.9 3145.8  73.6   0.0   0.0
  836.00  0.99048E+10 1030.3 1473.7 3152.1  73.5   0.0   0.0
  838.00  0.98281E+10 1030.3 1474.5 3158.3  73.4   0.0   0.0
  840.00  0.97523E+10 1030.3 1475.3 3164.2  73.4   0.0   0.0
  842.00  0.96773E+10 1030.3 1476.1 3169.9  73.3   0.0   0.0
  844.00  0.96032E+10 1030.3 1476.9 3175.3  73.2   0.0   0.0
  846.00  0.95298E+10 1030.3 1477.7 3180.5  73.1   0.0   0.0
  848.00  0.94573E+10 1030.3 1478.4 3185.5  73.1   0.0   0.0
  850.00  0.93856E+10 1030.3 1479.2 3190.2  73.0   0.0   0.0
  852.00  0.93146E+10 1030.3 1480.0 3194.7  72.9   0.0   0.0
  854.00  0.92444E+10 1030.3 1480.8 3198.9  72.8   0.0   0.0
  856.00  0.91750E+10 1030.3 1481.6 3203.0  72.7   0.0   0.0
  858.00  0.91063E+10 1030.3 1482.4 3206.7  72.7   0.0   0.0
  860.00  0.90384E+10 1030.3 1483.2 3210.3  72.6   0.0   0.0
  862.00  0.89711E+10 1030.3 1484.0 3213.6  72.5   0.0   0.0
  864.00  0.89047E+10 1030.3 1484.8 3216.7  72.4   0.0   0.0
  866.00  0.88389E+10 1030.3 1485.6 3219.5  72.4   0.0   0.0
  868.00  0.87738E+10 1030.3 1486.3 3222.2  72.3   0.0   0.0
  870.00  0.87094E+10 1030.3 1487.1 3224.7  72.2   0.0   0.0
  872.00  0.86457E+10 1030.3 1487.9 3226.9  72.1   0.0   0.0
  874.00  0.85827E+10 1030.3 1488.7 3229.0  72.0   0.0   0.0
  876.00  0.85203E+10 1030.3 1489.5 3230.9  72.0   0.0   0.0
  878.00  0.84586E+10 1030.3 1490.3 3232.7  71.9   0.0   0.0
  880.00  0.83975E+10 1030.3 1491.1 3234.3  71.8   0.0   0.0
  882.00  0.83371E+10 1030.3 1491.9 3235.8  71.7   0.0   0.0
  884.00  0.82773E+10 1030.3 1492.7 3237.1  71.6   0.0   0.0
  886.00  0.82181E+10 1030.3 1493.5 3238.3  71.5   0.0   0.0
  888.00  0.81596E+10 1030.3 1494.3 3239.4  71.5   0.0   0.0
  890.00  0.81016E+10 1030.3 1495.0 3240.3  71.4   0.0   0.0
  892.00  0.80443E+10 1030.3 1495.8 3241.2  71.3   0.0   0.0
  894.00  0.79875E+10 1030.3 1496.6 3242.0  71.2   0.0   0.0
  896.00  0.79313E+10 1030.3 1497.4 3242.6  71.1   0.0   0.0
  898.00  0.78757E+10 1030.3 1498.2 3243.3  71.0   0.0   0.0
  900.00  0.78207E+10 1030.3 1499.0 3243.8  70.9   0.0   0.0
  902.00  0.77662E+10 1030.3 1499.8 3244.2  70.8   0.0   0.0
  904.00  0.77123E+10 1030.3 1500.6 3244.6  70.8   0.0   0.0
  906.00  0.76589E+10 1030.3 1501.4 3245.0  70.7   0.0   0.0
  908.00  0.76061E+10 1030.3 1502.2 3245.3  70.6   0.0   0.0
  910.00  0.75538E+10 1030.3 1503.0 3245.5  70.5   0.0   0.0
  912.00  0.75020E+10 1030.3 1503.7 3245.7  70.4   0.0   0.0
  914.00  0.74507E+10 1030.3 1504.5 3245.9  70.3   0.0   0.0
  916.00  0.74000E+10 1030.3 1505.3 3246.0  70.2   0.0   0.0
  918.00  0.73498E+10 1030.3 1506.1 3246.1  70.1   0.0   0.0
  920.00  0.73000E+10 1030.3 1506.9 3246.2  70.0   0.0   0.0
  922.00  0.72508E+10 1030.3 1507.7 3246.2  69.9   0.0   0.0
  924.00  0.72020E+10 1030.3 1508.5 3246.2  69.8   0.0   0.0
  926.00  0.71537E+10 1030.3 1509.3 3246.2  69.7   0.0   0.0
  928.00  0.71059E+10 1030.3 1510.1 3246.1  69.6   0.0   0.0
  930.00  0.70586E+10 1030.3 1510.9 3246.1  69.5   0.0   0.0
  932.00  0.70118E+10 1030.3 1511.7 3246.0  69.4   0.0   0.0
  934.00  0.69654E+10 1030.3 1512.4 3245.9  69.3   0.0   0.0
  936.00  0.69194E+10 1030.3 1513.2 3245.8  69.3   0.0   0.0
  938.00  0.68739E+10 1030.3 1514.0 3245.7  69.2   0.0   0.0
  940.00  0.68288E+10 1030.3 1514.8 3245.6  69.1   0.0   0.0
  942.00  0.67842E+10 1030.3 1515.6 3245.4  69.0   0.0   0.0
  944.00  0.67400E+10 1030.3 1516.4 3245.3  68.9   0.0   0.0
  946.00  0.66962E+10 1030.3 1517.2 3245.1  68.8   0.0   0.0
  948.00  0.66529E+10 1030.3 1518.0 3245.0  68.7   0.0   0.0
  950.00  0.66099E+10 1030.3 1518.8 3244.8  68.5   0.0   0.0
  952.00  0.65674E+10 1030.3 1519.6 3244.6  68.4   0.0   0.0
  954.00  0.65253E+10 1030.3 1520.4 3244.4  68.3   0.0   0.0
  956.00  0.64836E+10 1030.3 1521.1 3244.3  68.2   0.0   0.0
  958.00  0.64422E+10 1030.3 1521.9 3244.1  68.1   0.0   0.0
  960.00  0.64013E+10 1030.3 1522.7 3243.9  68.0   0.0   0.0
  962.00  0.63607E+10 1030.3 1523.5 3243.7  67.9   0.0   0.0
  964.00  0.63206E+10 1030.3 1524.3 3243.5  67.8   0.0   0.0
  966.00  0.62808E+10 1030.3 1525.1 3243.2  67.7   0.0   0.0
  968.00  0.62414E+10 1030.3 1525.9 3243.0  67.5   0.0   0.0
  970.00  0.62023E+10 1030.3 1526.7 3242.8  67.4   0.0   0.0
  972.00  0.61636E+10 1030.3 1527.5 3242.6  67.3   0.0   0.0
  974.00  0.61253E+10 1030.3 1528.3 3242.4  67.2   0.0   0.0
  976.00  0.60873E+10 1030.3 1529.1 3242.2  67.1   0.0   0.0
  978.00  0.60497E+10 1030.3 1529.8 3241.9  66.9   0.0   0.0
  980.00  0.60124E+10 1030.3 1530.6 3241.7  66.8   0.0   0.0
  982.00  0.59755E+10 1030.3 1531.4 3241.5  66.7   0.0   0.0
  984.00  0.59389E+10 1030.3 1532.2 3241.3  66.6   0.0   0.0
  986.00  0.59027E+10 1030.3 1533.0 3241.0  66.4   0.0   0.0
  988.00  0.58667E+10 1030.3 1533.8 3240.8  66.3   0.0   0.0
  990.00  0.58311E+10 1030.3 1534.6 3240.6  66.2   0.0   0.0
  992.00  0.57958E+10 1030.3 1535.4 3240.4  66.1   0.0   0.0
  994.00  0.57609E+10 1030.3 1536.2 3240.1  65.9   0.0   0.0
  996.00  0.57262E+10 1030.3 1537.0 3239.9  65.8   0.0   0.0
  998.00  0.56919E+10 1030.3 1537.8 3239.7  65.7   0.0   0.0
 1000.00  0.56579E+10 1030.3 1538.5 3239.4  65.5   0.0   0.0