100.00  0.33686E+10  180.8  180.8  180.8   0.0   4.4  95.6   0.0
  150.00  0.13419E+10  715.4  715.4  774.7   0.2   3.6  96.2   0.0
  200.00  0.62393E+10  880.5  880.5  960.0  10.7  17.3  72.0   0.0
  250.00  0.30761E+11  919.3  919.3 1057.8  79.6   7.7  12.5   0.0
  300.00  0.98750E+11  928.6  957.5 1155.6  98.7   0.5   0.8   0.0
  350.00  0.12952E+12  930.9  996.0 1253.2  97.3   0.0   0.0   2.3
  400.00  0.11346E+12  931.5 1034.3 1349.0  97.1   0.0   0.0   2.1
  450.00  0.86821E+11  931.6 1067.0 1444.5  96.7   0.0   0.0   2.0
  500.00  0.63254E+11  931.6 1091.8 1540.3  95.8   0.0   0.0   1.8
  550.00  0.45845E+11  931.6 1116.2 1659.6  93.6   0.0   0.0   1.8
  600.00  0.33699E+11  931.7 1140.7 1904.6  89.3   0.0   0.0   2.3
  650.00  0.25305E+11  931.7 1165.1 2173.2  81.8   0.0   0.0   3.1
  700.00  0.19442E+11  931.7 1189.6 2441.9  70.9   0.0   0.0   4.0
  750.00  0.15272E+11  931.7 1214.0 2709.9  59.4   0.0   0.0   4.6
  800.00  0.12245E+11  931.7 1238.5 2970.4  51.6   0.0   0.0   4.7
  850.00  0.10001E+11  931.7 1263.0 3168.7  45.2   0.0   0.0   4.7
  900.00  0.83041E+10  931.7 1287.4 3221.2  38.9   0.0   0.0   4.6
  950.00  0.69978E+10  931.7 1311.9 3211.4  32.5   0.0   0.0   4.5
 1000.00  0.59750E+10  931.7 1336.3 3194.1  26.1   0.0   0.0   4.3
 1050.00  0.51617E+10  931.7 1360.8 3176.2  20.5   0.0   0.0   4.0
 1100.00  0.45060E+10  931.7 1385.2 3158.2  15.8   0.0   0.0   3.7
 1150.00  0.39705E+10  931.7 1409.7 3140.2  12.0   0.0   0.0   3.3
 1200.00  0.35282E+10  931.7 1434.1 3122.2   9.0   0.0   0.0   2.9
 1250.00  0.31590E+10  931.7 1458.6 3104.2   6.7   0.0   0.0   2.6
 1300.00  0.28478E+10  931.7 1483.0 3086.5   5.0   0.0   0.0   2.3
 1350.00  0.25832E+10  931.7 1507.5 3072.4   3.7   0.0   0.0   2.0
 1400.00  0.23563E+10  931.7 1531.9 3087.4   2.7   0.0   0.0   1.7
 1450.00  0.21604E+10  931.7 1556.4 3170.6   2.0   0.0   0.0   1.5
 1500.00  0.19900E+10  931.7 1580.8 3282.9   1.5   0.0   0.0   1.3
 1550.00  0.18409E+10  931.7 1605.3 3398.8   1.2   0.0   0.0   1.3
 1600.00  0.17097E+10  931.7 1629.7 3515.0   1.1   0.0   0.0   1.3
 1650.00  0.15936E+10  931.7 1654.2 3631.1   0.9   0.0   0.0   1.2
 1700.00  0.14902E+10  931.7 1678.6 3747.3   0.8   0.0   0.0   1.2
 1750.00  0.13979E+10  931.7 1703.1 3863.5   0.7   0.0   0.0   1.2
 1800.00  0.13150E+10  931.7 1727.5 3979.7   0.6   0.0   0.0   1.2
 1850.00  0.12403E+10  931.7 1752.0 4095.9   0.5   0.0   0.0   1.2
 1900.00  0.11726E+10  931.7 1776.4 4212.1   0.4   0.0   0.0   1.2
 1950.00  0.11112E+10  931.7 1800.9 4328.3   0.4   0.0   0.0   1.1
 2000.00  0.10552E+10  931.7 1825.3 4444.5   0.3   0.0   0.0   1.1