      80.  51329.9
      85.  51223.9
      90.  51118.3
      95.  51012.8
     100.  50907.7
     105.  50802.8
     110.  50698.1
     115.  50593.7
     120.  50489.5
     125.  50385.6
     130.  50282.0
     135.  50178.6
     140.  50075.5
     145.  49972.6
     150.  49870.0
     155.  49767.6
     160.  49665.4
     165.  49563.6
     170.  49461.9
     175.  49360.5
     180.  49259.4
     185.  49158.5
     190.  49057.8
     195.  48957.4
     200.  48857.3
     205.  48757.4
     210.  48657.7
     215.  48558.3
     220.  48459.1
     225.  48360.2
     230.  48261.5
     235.  48163.0
     240.  48064.8
     245.  47966.8
     250.  47869.1
     255.  47771.6
     260.  47674.3
     265.  47577.3
     270.  47480.5
     275.  47383.9
     280.  47287.6
     285.  47191.5
     290.  47095.7
     295.  47000.1
     300.  46904.7
