      80.  51500.5
      85.  51393.8
      90.  51287.4
      95.  51181.2
     100.  51075.3
     105.  50969.6
     110.  50864.2
     115.  50759.1
     120.  50654.2
     125.  50549.6
     130.  50445.2
     135.  50341.1
     140.  50237.2
     145.  50133.6
     150.  50030.3
     155.  49927.2
     160.  49824.3
     165.  49721.7
     170.  49619.4
     175.  49517.3
     180.  49415.5
     185.  49313.9
     190.  49212.6
     195.  49111.5
     200.  49010.7
     205.  48910.1
     210.  48809.7
     215.  48709.6
     220.  48609.8
     225.  48510.2
     230.  48410.8
     235.  48311.7
     240.  48212.8
     245.  48114.2
     250.  48015.8
     255.  47917.7
     260.  47819.8
     265.  47722.1
     270.  47624.7
     275.  47527.5
     280.  47430.5
     285.  47333.8
     290.  47237.4
     295.  47141.1
     300.  47045.1
