   80.00  0.38753E+09  209.4  209.4  209.4   0.0   0.3  99.7
   85.00  0.82252E+09  205.0  205.0  205.0   0.0   0.7  99.3
   90.00  0.84617E+10  196.8  196.8  196.8   0.0   6.6  93.4
   95.00  0.35117E+11  185.1  185.1  185.1   0.0  24.5  75.5
  100.00  0.71984E+11  182.7  182.7  182.7   0.0  45.2  54.8
  105.00  0.93132E+11  201.0  201.0  201.0   0.0  52.3  47.7
  110.00  0.96471E+11  239.6  239.6  239.6   0.0  45.1  54.8
  115.00  0.93764E+11  293.4  293.4  293.4   0.0  37.5  62.4
  120.00  0.91760E+11  360.5  360.5  360.5   0.1  35.9  63.8
  125.00  0.93733E+11  433.8  433.8  433.8   0.3  36.6  62.9
  130.00  0.10402E+12  500.1  500.1  500.1   0.6  37.1  61.9
  135.00  0.11824E+12  558.6  558.6  558.6   1.2  35.7  62.5
  140.00  0.13247E+12  610.1  610.1  621.1   2.3  33.2  63.8
  145.00  0.14670E+12  655.4  655.4  686.3   3.9  30.6  64.5
  150.00  0.16092E+12  695.4  695.4  751.4   6.2  28.3  64.1
  155.00  0.17515E+12  730.7  730.7  816.6   9.3  26.3  62.8
  160.00  0.18938E+12  761.7  761.7  881.7  13.2  24.3  60.5
  165.00  0.20360E+12  789.1  789.1  946.9  17.9  22.4  57.4
  170.00  0.21821E+12  813.3  813.3 1012.0  23.4  20.5  53.6
  175.00  0.23355E+12  834.6  834.6 1077.1  29.7  18.5  49.1
  180.00  0.24948E+12  853.4  853.4 1142.2  36.4  16.5  44.2
  185.00  0.26598E+12  869.9  869.9 1207.3  43.4  14.6  39.1
  190.00  0.28298E+12  884.6  884.6 1272.1  50.4  12.6  33.9
  195.00  0.30045E+12  897.5  897.5 1336.3  57.2  10.8  29.0
  200.00  0.31830E+12  908.9  908.9 1399.1  63.5   9.1  24.4
  205.00  0.33648E+12  919.0  920.8 1458.7  69.3   7.6  20.2
  210.00  0.35488E+12  927.9  932.8 1512.6  74.4   6.3  16.6
  215.00  0.37341E+12  935.7  944.8 1559.3  78.9   5.2  13.4
  220.00  0.39197E+12  942.7  956.7 1600.2  82.7   4.2  10.7
  225.00  0.41042E+12  948.8  968.7 1637.9  85.8   3.4   8.5
  230.00  0.42865E+12  954.2  980.6 1674.1  88.4   2.8   6.8
  235.00  0.44652E+12  959.0  992.6 1709.8  90.5   2.2   5.4
  240.00  0.46386E+12  963.3 1004.5 1745.3  92.1   1.8   4.3
  245.00  0.48052E+12  967.0 1016.5 1780.6  93.3   1.5   3.5
  250.00  0.49633E+12  970.3 1028.4 1816.0  94.3   1.2   2.8
  255.00  0.51110E+12  973.3 1040.4 1851.4  95.1   1.0   2.3
  260.00  0.52465E+12  975.8 1052.3 1886.7  95.8   0.8   1.9
  265.00  0.53675E+12  978.1 1064.3 1922.0  96.3   0.7   1.5
  270.00  0.54719E+12  980.2 1076.2 1957.4  96.7   0.6   1.3
  275.00  0.55567E+12  982.0 1088.2 1992.7  96.9   0.5   1.1
  280.00  0.56184E+12  983.6 1100.1 2028.1  97.2   0.4   1.0
  285.00  0.56497E+12  985.0 1112.1 2063.4  97.3   0.3   0.8
  290.00  0.56426E+12  986.2 1124.0 2098.8  97.5   0.3   0.7
  295.00  0.56179E+12  987.3 1136.0 2134.1  97.6   0.3   0.6
  300.00  0.55774E+12  988.3 1147.9 2169.5  97.6   0.2   0.6
