80.00  0.37841E+09  206.4  206.4  206.4   0.0   0.3  99.7   0.0
   85.00  0.77703E+09  199.7  199.7  199.7   0.0   0.6  99.4   0.0
   90.00  0.75671E+10  191.4  191.4  191.4   0.0   6.2  93.8   0.0
   95.00  0.27417E+11  182.6  182.6  182.6   0.0  22.4  77.6   0.0
  100.00  0.49021E+11  184.0  184.0  184.0   0.0  35.8  64.2   0.0
  105.00  0.58541E+11  206.9  206.9  206.9   0.0  42.3  57.7   0.0
  110.00  0.59642E+11  250.6  250.6  250.6   0.0  41.4  58.6   0.0
  115.00  0.57815E+11  305.2  305.2  305.2   0.0  37.1  62.8   0.0
  120.00  0.56373E+11  366.2  366.2  366.2   0.1  32.6  67.3   0.0
  125.00  0.57615E+11  431.9  431.9  431.9   0.1  30.0  69.8   0.0
  130.00  0.63622E+11  492.9  492.9  495.6   0.3  30.6  68.9   0.0
  135.00  0.72422E+11  546.9  546.9  560.3   0.6  33.1  66.0   0.0
  140.00  0.81222E+11  594.7  594.7  625.1   1.0  35.4  63.2   0.1
  145.00  0.90022E+11  637.1  637.1  689.8   1.7  36.1  61.6   0.1
  150.00  0.98822E+11  674.6  674.6  754.5   2.8  35.2  61.2   0.1
  155.00  0.10762E+12  707.8  707.8  819.2   4.5  32.6  62.0   0.2
  160.00  0.11642E+12  737.3  737.3  883.9   6.8  30.0  62.0   0.3
  165.00  0.12557E+12  763.4  763.4  948.6   9.9  27.6  61.0   0.3
  170.00  0.13536E+12  786.5  786.5 1013.3  13.9  25.4  59.0   0.4
  175.00  0.14550E+12  807.1  807.1 1078.0  18.7  23.3  56.0   0.5
  180.00  0.15592E+12  825.3  825.3 1142.7  24.3  21.2  52.3   0.6
  185.00  0.16658E+12  841.4  841.4 1207.3  30.5  19.1  47.9   0.7
  190.00  0.17742E+12  855.7  855.7 1271.7  37.3  17.0  43.1   0.8
  195.00  0.18836E+12  868.4  868.4 1335.6  44.3  14.9  38.1   0.8
  200.00  0.19932E+12  879.7  879.7 1398.2  51.2  12.9  33.2   0.9
  205.00  0.21023E+12  889.7  892.3 1458.0  57.9  11.1  28.4   0.9
  210.00  0.22098E+12  898.6  904.9 1512.7  64.1   9.4  23.9   0.9
  215.00  0.23147E+12  906.5  917.4 1561.0  69.8   7.8  19.8   0.9
  220.00  0.24161E+12  913.5  930.0 1604.3  74.8   6.5  16.3   0.9
  225.00  0.25127E+12  919.7  942.6 1644.8  79.1   5.4  13.3   1.0
  230.00  0.26036E+12  925.2  955.2 1684.0  82.7   4.4  10.8   1.0
  235.00  0.26875E+12  930.1  967.8 1722.7  85.6   3.6   8.7   1.0
  240.00  0.27633E+12  934.5  980.4 1761.2  88.1   3.0   7.0   1.0
  245.00  0.28299E+12  938.4  993.0 1799.7  89.7   2.5   5.9   1.0
  250.00  0.28860E+12  941.8 1005.6 1838.1  90.8   2.1   5.1   1.1
  255.00  0.29307E+12  944.9 1018.1 1876.6  91.7   1.8   4.5   1.2
  260.00  0.29625E+12  947.6 1030.7 1915.0  92.4   1.6   4.0   1.3
  265.00  0.29799E+12  950.0 1043.3 1953.4  93.0   1.4   3.5   1.3
  270.00  0.29808E+12  952.2 1055.9 1991.8  93.5   1.2   3.1   1.4
  275.00  0.29719E+12  954.1 1068.5 2030.2  93.9   1.0   2.8   1.5
  280.00  0.29550E+12  955.8 1081.1 2068.7  94.3   0.9   2.5   1.6
  285.00  0.29308E+12  957.3 1093.7 2107.1  94.6   0.8   2.3   1.7
  290.00  0.28999E+12  958.7 1106.3 2145.5  94.8   0.7   2.0   1.8
  295.00  0.28630E+12  959.9 1118.8 2183.9  95.0   0.6   1.8   1.9
  300.00  0.28208E+12  961.0 1131.4 2222.4  95.2   0.5   1.7   2.0