80.00  0.36263E+09  208.9  208.9  208.9   0.0   0.2  99.8   0.0
   85.00  0.59539E+09  199.6  199.6  199.6   0.0   0.5  99.5   0.0
   90.00  0.48410E+10  190.7  190.7  190.7   0.0   4.0  96.0   0.0
   95.00  0.12356E+11  183.2  183.2  183.2   0.0  11.5  88.5   0.0
  100.00  0.16161E+11  184.7  184.7  184.7   0.0  17.8  82.2   0.0
  105.00  0.16868E+11  202.9  202.9  202.9   0.0  21.1  78.9   0.0
  110.00  0.16895E+11  238.6  238.6  238.6   0.0  23.1  76.9   0.0
  115.00  0.16019E+11  288.9  288.9  288.9   0.0  23.5  76.5   0.0
  120.00  0.15119E+11  352.6  352.6  352.6   0.0  21.1  78.9   0.0
  125.00  0.15323E+11  420.7  420.7  420.7   0.0  20.7  79.2   0.0
  130.00  0.16512E+11  482.1  482.1  485.9   0.0  20.6  79.4   0.0
  135.00  0.21828E+11  536.6  536.6  552.6   0.1  22.8  77.0   0.0
  140.00  0.28362E+11  585.1  585.1  619.2   0.3  24.2  75.3   0.0
  145.00  0.34895E+11  628.2  628.2  685.9   0.7  24.6  74.5   0.0
  150.00  0.41429E+11  666.5  666.5  752.6   1.3  24.6  73.8   0.0
  155.00  0.47962E+11  700.6  700.6  819.3   2.2  24.5  72.8   0.1
  160.00  0.54495E+11  730.9  730.9  885.9   3.4  24.8  71.2   0.1
  165.00  0.61029E+11  757.9  757.9  952.6   4.9  25.4  68.8   0.1
  170.00  0.67562E+11  781.9  781.9 1019.3   7.0  25.7  66.4   0.2
  175.00  0.74162E+11  803.3  803.3 1085.9   9.7  25.7  63.6   0.2
  180.00  0.81444E+11  822.3  822.3 1152.5  13.2  25.2  60.3   0.3
  185.00  0.89291E+11  839.3  839.3 1218.9  17.7  24.1  56.7   0.4
  190.00  0.97723E+11  854.4  854.4 1284.9  23.5  22.2  52.5   0.5
  195.00  0.10675E+12  867.8  867.8 1349.7  30.5  19.9  47.7   0.7
  200.00  0.11640E+12  879.8  879.8 1411.7  38.4  17.2  42.3   0.8
  205.00  0.12666E+12  890.4  892.3 1467.1  46.7  14.6  36.5   0.9
  210.00  0.13754E+12  899.9  904.9 1510.9  55.1  12.0  30.6   0.9
  215.00  0.14903E+12  908.4  917.5 1540.2  63.0   9.7  25.0   1.0
  220.00  0.16111E+12  915.9  930.1 1557.9  70.1   7.8  19.9   1.0
  225.00  0.17377E+12  922.7  942.7 1569.0  76.2   6.1  15.6   1.0
  230.00  0.18695E+12  928.7  955.3 1577.3  81.2   4.8  12.1   1.0
  235.00  0.20061E+12  934.0  967.9 1584.4  85.2   3.7   9.3   0.9
  240.00  0.21470E+12  938.8  980.4 1591.0  88.3   2.9   7.1   0.9
  245.00  0.22912E+12  943.1  993.0 1597.5  90.7   2.3   5.4   0.9
  250.00  0.24380E+12  946.9 1005.6 1603.9  92.5   1.8   4.2   0.9
  255.00  0.25862E+12  950.3 1018.2 1610.4  93.9   1.4   3.3   0.9
  260.00  0.27345E+12  953.3 1030.8 1616.8  94.9   1.1   2.6   0.9
  265.00  0.28816E+12  956.0 1043.4 1623.2  95.7   0.9   2.0   0.9
  270.00  0.30256E+12  958.4 1056.0 1629.6  96.4   0.7   1.6   1.0
  275.00  0.31649E+12  960.6 1068.5 1636.0  96.7   0.6   1.3   1.0
  280.00  0.32972E+12  962.5 1081.1 1642.4  97.0   0.5   1.1   1.1
  285.00  0.34200E+12  964.2 1093.7 1648.8  97.2   0.4   0.9   1.2
  290.00  0.35303E+12  965.8 1106.3 1655.2  97.3   0.3   0.8   1.3
  295.00  0.36241E+12  967.1 1118.9 1661.6  97.4   0.3   0.7   1.4
  300.00  0.36949E+12  968.4 1131.5 1668.0  97.5   0.2   0.6   1.4

