80.00  0.46673E+08  211.3  211.3  211.3   0.0   0.0 100.0   0.0
   85.00  0.34811E+09  206.4  206.4  206.4   0.0   0.3  99.7   0.0
   90.00  0.59182E+09  197.3  197.3  197.3   0.0   0.5  99.5   0.0
   95.00  0.19894E+10  184.5  184.5  184.5   0.0   2.0  98.0   0.0
  100.00  0.26246E+10  181.4  181.4  181.4   0.0   3.5  96.5   0.0
  105.00  0.27337E+10  199.4  199.4  199.4   0.0   4.2  95.8   0.0
  110.00  0.27373E+10  238.0  238.0  238.0   0.0   4.7  95.3   0.0
  115.00  0.23237E+10  291.7  291.7  291.7   0.0   4.3  95.7   0.0
  120.00  0.16842E+10  358.4  358.4  358.4   0.0   3.2  96.8   0.0
  125.00  0.12465E+10  431.4  431.4  431.4   0.0   2.5  97.5   0.0
  130.00  0.10350E+10  497.5  497.5  497.5   0.0   2.1  97.8   0.0
  135.00  0.99199E+09  555.5  555.5  555.5   0.0   2.2  97.8   0.0
  140.00  0.10785E+10  606.5  606.5  619.4   0.1   2.5  97.4   0.0
  145.00  0.12725E+10  651.3  651.3  684.6   0.1   3.2  96.7   0.0
  150.00  0.15476E+10  690.7  690.7  749.9   0.2   4.0  95.8   0.0
  155.00  0.18652E+10  725.3  725.3  815.1   0.3   5.1  94.7   0.0
  160.00  0.22101E+10  755.7  755.7  880.3   0.4   5.5  94.0   0.0
  165.00  0.26879E+10  782.4  782.4  945.3   0.6   6.2  93.1   0.0
  170.00  0.47573E+10  805.9  805.9 1010.1   1.4   9.7  88.9   0.0
  175.00  0.69397E+10  826.6  826.6 1074.2   2.5  12.7  84.7   0.0
  180.00  0.91221E+10  844.8  844.8 1136.3   4.0  15.2  80.7   0.0
  185.00  0.11304E+11  860.8  860.8 1194.0   6.0  17.2  76.7   0.0
  190.00  0.13487E+11  874.9  874.9 1243.3   8.5  18.9  72.4   0.0
  195.00  0.15669E+11  887.3  887.3 1281.3  11.8  20.2  67.8   0.0
  200.00  0.17852E+11  898.2  898.2 1309.4  15.8  21.1  62.8   0.0
  205.00  0.20034E+11  907.8  910.4 1331.7  20.7  21.5  57.5   0.0
  210.00  0.22290E+11  916.3  922.5 1351.3  26.3  21.4  52.0   0.0
  215.00  0.25135E+11  923.7  934.7 1369.8  33.0  20.7  45.9   0.1
  220.00  0.28268E+11  930.3  946.9 1387.9  40.4  19.5  39.7   0.1
  225.00  0.31705E+11  936.1  959.1 1405.8  48.1  17.7  33.7   0.1
  230.00  0.35460E+11  941.2  971.3 1423.7  55.8  15.7  28.1   0.1
  235.00  0.39544E+11  945.7  983.5 1441.6  63.1  13.4  23.0   0.1
  240.00  0.43966E+11  949.6  995.7 1459.4  69.8  11.2  18.5   0.1
  245.00  0.48731E+11  953.1 1007.8 1477.3  75.4   9.2  15.0   0.1
  250.00  0.53838E+11  956.2 1020.0 1495.1  80.1   7.4  12.1   0.1
  255.00  0.59281E+11  959.0 1032.2 1513.0  84.0   5.9   9.7   0.1
  260.00  0.65050E+11  961.4 1044.4 1530.9  87.2   4.7   7.8   0.1
  265.00  0.71124E+11  963.5 1056.6 1548.7  89.8   3.7   6.2   0.1
  270.00  0.77476E+11  965.4 1068.8 1566.6  91.8   2.9   5.0   0.1
  275.00  0.84069E+11  967.0 1081.0 1584.4  93.5   2.2   4.0   0.1
  280.00  0.90858E+11  968.5 1093.1 1602.3  94.8   1.7   3.2   0.1
  285.00  0.97788E+11  969.8 1105.3 1620.1  95.8   1.4   2.6   0.1
  290.00  0.10479E+12  970.9 1117.5 1638.0  96.6   1.1   2.1   0.1
  295.00  0.11179E+12  971.9 1129.7 1655.8  97.3   0.8   1.7   0.1
  300.00  0.11870E+12  972.8 1141.9 1673.7  97.8   0.7   1.4   0.1