80.00  0.38020E+09  210.0  210.0  210.0   0.0   0.3  99.7   0.0
   85.00  0.80688E+09  205.7  205.7  205.7   0.0   0.7  99.3   0.0
   90.00  0.83220E+10  197.3  197.3  197.3   0.0   6.5  93.5   0.0
   95.00  0.34761E+11  185.0  185.0  185.0   0.0  24.3  75.7   0.0
  100.00  0.71720E+11  182.3  182.3  182.3   0.0  44.9  55.1   0.0
  105.00  0.93170E+11  201.4  201.4  201.4   0.0  51.8  48.2   0.0
  110.00  0.96602E+11  241.7  241.7  241.7   0.0  41.9  58.0   0.0
  115.00  0.93890E+11  297.0  297.0  297.0   0.1  35.2  64.7   0.0
  120.00  0.91883E+11  364.9  364.9  364.9   0.1  34.1  65.7   0.0
  125.00  0.93858E+11  440.3  440.3  440.3   0.3  35.2  64.3   0.0
  130.00  0.10553E+12  510.1  510.1  510.1   0.6  35.9  63.1   0.0
  135.00  0.12236E+12  572.0  572.0  572.0   1.3  34.8  63.4   0.1
  140.00  0.13920E+12  627.2  627.2  627.2   2.5  32.5  64.3   0.1
  145.00  0.15604E+12  676.2  676.2  689.3   4.3  29.9  64.7   0.2
  150.00  0.17288E+12  719.8  719.8  754.2   6.8  27.6  64.2   0.3
  155.00  0.18971E+12  758.6  758.6  819.1  10.2  25.4  62.7   0.4
  160.00  0.20655E+12  793.1  793.1  884.0  14.4  23.4  60.2   0.5
  165.00  0.22339E+12  823.8  823.8  948.9  19.5  21.3  56.8   0.6
  170.00  0.23941E+12  851.2  851.2 1013.7  25.3  19.3  52.8   0.7
  175.00  0.25595E+12  875.5  875.5 1078.6  31.6  17.3  48.2   0.8
  180.00  0.27309E+12  897.2  897.2 1143.4  38.4  15.3  43.2   0.9
  185.00  0.29077E+12  916.5  916.5 1208.2  45.3  13.4  38.1   1.0
  190.00  0.30894E+12  933.7  933.7 1272.7  52.1  11.6  33.1   1.0
  195.00  0.32752E+12  949.0  949.0 1336.7  58.6   9.9  28.4   1.1
  200.00  0.34643E+12  962.7  962.7 1399.3  64.6   8.4  23.9   1.1
  205.00  0.36558E+12  974.9  974.9 1458.8  70.0   7.0  20.0   1.1
  210.00  0.38488E+12  985.7  985.7 1512.5  74.8   5.8  16.5   1.1
  215.00  0.40419E+12  995.4  995.4 1559.2  79.0   4.8  13.5   1.1
  220.00  0.42340E+12 1004.0 1005.9 1600.2  82.4   4.0  11.0   1.1
  225.00  0.44236E+12 1011.7 1016.6 1638.1  85.2   3.3   9.1   1.1
  230.00  0.46093E+12 1018.6 1027.4 1674.5  87.5   2.7   7.4   1.1
  235.00  0.47894E+12 1024.7 1038.2 1710.4  89.4   2.2   6.1   1.2
  240.00  0.49623E+12 1030.2 1049.0 1746.1  91.0   1.9   5.0   1.2
  245.00  0.51260E+12 1035.1 1059.8 1781.7  92.3   1.5   4.1   1.2
  250.00  0.52786E+12 1039.4 1070.6 1817.2  93.4   1.3   3.4   1.2
  255.00  0.54181E+12 1043.3 1081.4 1852.8  94.3   1.1   2.8   1.2
  260.00  0.55422E+12 1046.8 1092.2 1888.3  95.0   0.9   2.4   1.2
  265.00  0.56484E+12 1049.9 1103.0 1923.9  95.6   0.7   2.0   1.2
  270.00  0.57336E+12 1052.6 1113.7 1959.4  96.0   0.6   1.7   1.2
  275.00  0.57937E+12 1055.1 1124.5 1995.0  96.3   0.5   1.5   1.3
  280.00  0.58190E+12 1057.3 1135.3 2030.5  96.5   0.5   1.3   1.3
  285.00  0.58080E+12 1059.3 1146.1 2066.1  96.7   0.4   1.2   1.4
  290.00  0.57790E+12 1061.1 1156.9 2101.6  96.8   0.4   1.0   1.5
  295.00  0.57334E+12 1062.7 1167.7 2137.2  96.9   0.3   0.9   1.5
  300.00  0.56728E+12 1064.1 1178.5 2172.7  97.0   0.3   0.8   1.6